DBVersion 1
25 5 6405 0x80000000 8 1295 178 1305 174 3865 171 8975 170 3845 177 6415 188 1285 174 8965 181
25 5 6405 0x80000000 9 1305 163 6415 183 1285 181 1295 183 3845 182 8975 192 3865 177 8965 183 3855 184
25 5 6405 0x80000000 9 1305 170 8965 183 6415 175 3845 189 3855 182 8975 189 1295 180 1285 181 3865 178
15 15 3855 0x80000000 9 1285 180 6415 182 8965 180 1295 179 1305 179 3865 188 6405 173 8975 163 3845 179
25 5 6405 0x80000000 9 1305 175 1295 174 8975 179 3855 182 8965 178 3865 188 1285 179 3845 180 6415 196
25 5 6405 0x80000000 9 8965 190 1305 180 3845 183 1285 180 3855 183 6415 178 3865 181 8975 183 1295 181
15 15 3855 0x80000000 9 6405 185 3865 188 3845 187 8975 189 1295 188 1305 180 1285 178 6415 188 8965 163
25 5 6405 0x80000000 9 6415 190 1305 170 3855 188 3845 187 3865 183 8975 177 8965 186 1295 176 1285 177
5 5 1285 0x80000000 9 1295 190 6415 184 8975 171 3855 187 8965 167 3865 170 6405 172 3845 178 1305 177
15 15 3855 0x80000000 9 8965 181 8975 174 3865 188 3845 178 1305 183 1295 194 6415 186 1285 176 6405 179
5 5 1285 0x80000000 8 1305 186 8965 174 6405 180 8975 180 1295 185 3855 188 3865 180 6415 173
15 15 3855 0x80000000 9 1305 189 3845 189 8965 172 6405 178 1295 184 6415 175 8975 188 3865 187 1285 187
15 15 3855 0x80000000 9 8975 183 6405 176 1285 187 6415 186 8965 174 1295 185 3865 187 1305 179 3845 188
15 15 3855 0x80000000 9 3845 190 6405 183 1305 182 8975 187 6415 187 1285 176 3865 190 1295 194 8965 178
15 15 3855 0x80000000 9 1295 177 6415 191 8975 179 6405 184 1305 187 8965 178 3845 182 1285 185 3865 172
35 5 8965 0x80000000 9 1285 173 3855 184 6415 186 6405 186 1295 171 3845 177 8975 188 3865 178 1305 178
15 15 3855 0x80000000 9 1295 179 1305 180 3865 195 1285 181 8965 176 6405 184 6415 181 8975 176 3845 189
35 5 8965 0x80000000 9 6405 184 3855 173 6415 171 3845 176 1305 162 1285 178 1295 170 8975 195 3865 176
35 5 8965 0x80000000 9 6415 177 1305 167 6405 186 1295 171 8975 195 3845 180 3865 174 3855 164 1285 166
35 5 8965 0x80000000 9 1305 164 1285 172 3855 171 3845 185 6415 181 3865 161 8975 191 6405 174 1295 172
35 5 8965 0x80000000 9 3845 166 6415 174 8975 186 3865 181 3855 182 1305 167 1285 161 1295 169 6405 181
35 5 8965 0x80000000 9 1285 176 6415 180 1305 156 1295 182 3865 172 3855 170 8975 188 6405 186 3845 182
5 15 1295 0x80000000 9 3855 177 1305 188 6405 168 6415 174 3865 183 1285 190 8965 171 3845 185 8975 173
5 25 1305 0x80000000 9 3855 179 6405 160 1295 186 3865 187 8965 188 3845 164 8975 176 1285 181 6415 167
35 5 8965 0x80000000 9 1295 181 6415 179 3865 179 3855 177 6405 175 8975 187 1285 171 1305 171 3845 183
5 15 1295 0x80000000 9 6415 187 3855 183 3845 178 1285 182 6405 176 3865 184 8975 174 1305 189 8965 168
5 25 1305 0x80000000 9 8965 177 1295 181 3855 182 3845 174 6405 168 1285 179 6415 184 8975 166 3865 188
35 5 8965 0x80000000 9 6415 187 1285 158 6405 179 3855 170 1305 176 1295 172 8975 190 3845 177 3865 169
5 15 1295 0x80000000 9 6405 175 3855 188 8965 174 3845 183 1285 185 6415 181 8975 177 1305 195 3865 176
5 25 1305 0x80000000 9 6415 184 8975 173 1295 191 3855 177 1285 184 3865 189 3845 181 8965 162 6405 174
5 15 1295 0x80000000 9 3845 182 6415 176 8965 172 3865 184 3855 192 1285 184 6405 165 1305 188 8975 182
5 25 1305 0x80000000 9 1285 179 3865 191 1295 183 6415 176 3855 183 3845 175 6405 175 8975 176 8965 187
5 15 1295 0x80000000 9 6405 177 3865 183 6415 183 1305 180 3845 187 1285 183 8975 188 8965 185 3855 186
5 25 1305 0x80000000 9 8975 180 8965 186 3865 184 3845 175 1295 185 3855 178 1285 176 6405 180 6415 182
5 15 1295 0x80000000 9 3845 182 3855 187 3865 178 6415 167 8965 180 1305 186 6405 183 1285 189 8975 168
5 25 1305 0x80000000 9 1285 184 3865 186 3845 175 8965 171 6415 168 1295 187 3855 183 6405 187 8975 163
5 15 1295 0x80000000 9 3855 183 6415 166 1285 176 3845 178 8965 168 8975 168 6405 177 1305 190 3865 177
5 25 1305 0x80000000 9 3845 175 3855 185 6415 185 8965 172 1285 177 1295 182 6405 176 3865 195 8975 178
25 15 6415 0x80000000 9 3855 188 3845 177 1295 174 8975 194 1285 187 6405 193 8965 187 3865 190 1305 177
5 15 1295 0x80000000 9 6405 174 3855 179 8965 166 6415 170 3865 181 1285 187 3845 178 8975 173 1305 184
5 25 1305 0x80000000 9 1295 185 3865 180 3845 177 6405 175 8965 172 1285 182 3855 180 6415 184 8975 162
25 15 6415 0x80000000 9 6405 189 1295 175 1285 186 3855 180 8965 180 1305 167 8975 193 3865 181 3845 179
25 15 6415 0x80000000 9 1305 178 1285 172 3845 180 3855 182 6405 189 3865 183 8965 179 1295 188 8975 185
25 15 6415 0x80000000 9 1305 176 8975 187 3845 191 8965 186 6405 185 1295 187 3865 178 3855 177 1285 172
15 5 3845 0x80000000 9 1285 182 8975 184 3865 169 8965 177 1305 174 6415 186 3855 192 1295 196 6405 189
35 15 8975 0x80000000 9 1295 178 3865 185 6415 189 3845 174 3855 182 1285 182 6405 183 8965 180 1305 173
25 15 6415 0x80000000 9 3845 187 3865 186 6405 183 1295 179 3855 189 8965 184 1305 175 8975 180 1285 174
15 5 3845 0x80000000 9 6415 186 8965 175 1295 174 1285 185 3855 183 8975 183 1305 180 6405 189 3865 175
35 15 8975 0x80000000 9 6415 191 8965 187 1305 171 3865 180 1295 168 3855 183 6405 193 3845 190 1285 186
25 15 6415 0x80000000 9 3865 185 1305 182 8965 178 1295 173 3855 179 3845 185 6405 181 8975 191 1285 172
15 25 3865 0x80000000 9 1295 180 1305 183 6405 179 3845 172 3855 185 8965 167 8975 169 6415 187 1285 178
25 15 6415 0x80000000 9 8965 177 3865 185 3845 181 6405 184 1305 181 1285 184 3855 183 8975 190 1295 181
15 25 3865 0x80000000 9 6405 169 1305 183 1285 173 3845 180 3855 188 1295 178 8965 187 6415 184 8975 170
15 25 3865 0x80000000 9 8975 175 3845 172 1305 188 3855 176 6405 173 1295 187 6415 177 8965 173 1285 172
25 15 6415 0x80000000 9 3845 169 3855 185 1305 178 3865 183 8975 191 1295 178 8965 182 6405 185 1285 174
15 25 3865 0x80000000 9 3855 190 8965 166 1285 170 6415 180 6405 181 1305 185 3845 178 8975 180 1295 186
15 25 3865 0x80000000 9 8975 182 1285 185 6415 188 3855 187 1305 186 3845 176 6405 178 1295 181 8965 165
15 25 3865 0x80000000 9 1285 174 3845 172 8975 183 1295 186 3855 193 8965 175 6415 185 6405 167 1305 184
15 25 3865 0x80000000 9 6415 182 1285 177 1305 183 3855 180 6405 170 3845 182 8975 173 1295 174 8965 176
15 25 3865 0x80000000 9 8965 176 1305 183 1295 188 6405 174 3845 181 3855 190 1285 173 8975 177 6415 190
15 25 3865 0x80000000 9 1295 177 3845 162 6415 179 6405 179 1285 179 8965 171 8975 178 3855 186 1305 186
35 15 8975 0x80000000 9 6415 186 3865 185 1305 172 6405 192 3845 173 1295 171 8965 180 1285 162 3855 167
15 25 3865 0x80000000 9 3855 179 1285 175 3845 182 8965 170 1305 184 6405 172 6415 187 8975 181 1295 179
35 15 8975 0x80000000 9 6415 194 1295 177 3855 170 8965 188 1305 173 3845 174 6405 187 3865 176 1285 173
35 15 8975 0x80000000 9 8965 180 3865 177 3845 175 1285 168 6405 182 1295 181 6415 186 3855 176 1305 171
25 15 6415 0x80000000 9 3845 185 3865 181 8965 182 1295 174 1285 178 3855 191 6405 184 1305 169 8975 185
35 15 8975 0x80000000 9 3855 176 8965 189 1285 165 1305 169 3865 175 6405 188 1295 174 3845 177 6415 184
25 15 6415 0x80000000 9 1285 169 1305 175 8965 181 6405 186 3865 177 1295 172 3845 184 3855 188 8975 191
5 15 1295 0x80000000 9 3865 184 1305 188 3855 193 8965 169 6415 186 1285 182 3845 188 6405 179 8975 177
5 25 1305 0x80000000 9 8975 173 6415 170 8965 166 3855 183 3845 174 6405 185 3865 185 1285 179 1295 179
35 15 8975 0x80000000 9 6405 191 1295 176 3855 174 1285 171 3865 178 6415 188 1305 179 8965 192 3845 180
5 15 1295 0x80000000 9 8965 177 3855 188 1285 185 3865 184 8975 178 3845 192 6405 178 6415 176 1305 183
5 25 1305 0x80000000 9 1295 185 3855 197 8975 171 1285 185 3845 183 6405 181 8965 169 6415 168 3865 191
35 15 8975 0x80000000 9 3855 170 3845 187 1295 164 3865 174 1305 161 6405 187 6415 182 8965 185 1285 166
35 15 8975 0x80000000 9 6405 187 3865 177 6415 189 1285 172 3845 173 1305 176 8965 174 1295 170 3855 174
35 15 8975 0x80000000 9 1295 168 3855 188 1305 166 3865 172 6415 180 1285 185 3845 184 8965 181 6405 183
15 5 3845 0x80000000 9 1295 198 3855 187 1285 183 3865 176 6415 185 8965 176 8975 181 1305 166 6405 185
15 5 3845 0x80000000 9 3855 193 6405 189 1285 183 1305 184 1295 184 6415 184 8965 181 8975 179 3865 178
15 5 3845 0x80000000 9 6415 177 8965 181 6405 186 1285 193 8975 175 1305 175 3865 186 3855 185 1295 181
15 5 3845 0x80000000 9 6405 186 3865 180 1285 187 1305 171 3855 180 6415 181 8965 183 1295 184 8975 179
15 5 3845 0x80000000 9 6405 195 3855 190 1295 183 6415 180 1285 190 3865 188 8965 191 1305 180 8975 173
15 5 3845 0x80000000 9 1295 176 6405 193 8975 187 1285 189 3865 176 3855 193 6415 185 1305 181 8965 176
15 5 3845 0x80000000 9 6405 177 1305 170 1285 184 3865 178 8965 175 6415 184 8975 177 3855 188 1295 190
15 5 3845 0x80000000 9 3855 188 1305 176 1295 187 8965 181 1285 188 6405 188 8975 172 6415 189 3865 188
5 5 1285 0x80000000 9 3855 185 1305 175 3865 174 3845 170 1295 186 8975 160 6415 169 6405 171 8965 172
5 5 1285 0x80000000 9 3865 170 3845 182 1305 181 3855 183 8975 182 6415 186 1295 186 6405 180 8965 169
5 5 1285 0x80000000 9 1295 184 8965 179 3865 178 3855 185 8975 178 1305 182 3845 189 6415 182 6405 173
35 5 8965 0x80000000 9 8975 180 1295 178 3865 167 1305 185 1285 166 6405 189 3855 172 3845 171 6415 182
5 5 1285 0x80000000 9 6415 184 3845 185 1305 174 3865 170 1295 192 8965 178 3855 186 6405 173 8975 176
35 5 8965 0x80000000 9 3855 182 1305 171 1285 181 6405 174 8975 185 6415 174 3865 187 1295 168 3845 189
15 15 3855 0x80000000 9 8975 167 3865 187 6405 180 6415 186 1305 178 1295 181 3845 182 8965 171 1285 169
5 5 1285 0x80000000 9 3865 183 6415 176 1305 173 6405 180 3855 175 3845 185 8965 174 1295 197 8975 170
15 15 3855 0x80000000 9 1305 190 1295 181 8965 172 3865 183 6415 191 1285 189 6405 186 8975 183 3845 178
5 5 1285 0x80000000 9 3845 194 3865 173 8975 172 3855 186 1305 165 1295 183 8965 176 6415 168 6405 174
5 5 1285 0x80000000 9 3845 177 6415 176 6405 178 3855 181 1305 182 1295 192 8965 174 8975 178 3865 170
25 5 6405 0x80000000 9 1285 178 1305 176 3845 190 6415 184 8965 188 3855 180 3865 174 1295 174 8975 184
5 5 1285 0x80000000 9 3855 176 6415 178 8975 169 6405 175 8965 183 1295 191 3865 177 3845 182 1305 174
25 5 6405 0x80000000 9 1305 169 1285 185 1295 186 6415 186 3845 187 3865 173 8975 188 8965 183 3855 182
25 5 6405 0x80000000 9 3855 175 3865 172 8965 183 1305 170 3845 186 1295 177 6415 179 8975 174 1285 179
25 5 6405 0x80000000 9 3845 185 8975 188 1305 182 3855 181 6415 187 1295 171 8965 184 3865 176 1285 180
