DBVersion 1
25 5 6405 0x80000000 8 1295 173 1305 179 3865 174 8975 186 3845 181 6415 189 1285 183 8965 185
25 5 6405 0x80000000 9 1305 174 6415 189 1285 181 1295 168 3845 184 8975 187 3865 181 8965 187 3855 183
25 5 6405 0x80000000 9 1305 164 8965 191 6415 195 3845 183 3855 182 8975 182 1295 179 1285 177 3865 171
15 15 3855 0x80000000 9 1285 182 6415 187 8965 173 1295 183 1305 179 3865 180 6405 177 8975 176 3845 188
25 5 6405 0x80000000 9 1305 164 1295 171 8975 186 3855 179 8965 177 3865 180 1285 186 3845 190 6415 182
25 5 6405 0x80000000 9 8965 182 1305 182 3845 182 1285 176 3855 182 6415 189 3865 182 8975 184 1295 174
15 15 3855 0x80000000 9 6405 195 3865 178 3845 194 8975 181 1295 183 1305 176 1285 185 6415 185 8965 175
25 5 6405 0x80000000 9 6415 189 1305 168 3855 184 3845 177 3865 168 8975 189 8965 189 1295 177 1285 174
5 5 1285 0x80000000 9 1295 185 6415 180 8975 169 3855 179 8965 183 3865 178 6405 181 3845 187 1305 169
15 15 3855 0x80000000 9 8965 185 8975 180 3865 189 3845 182 1305 182 1295 188 6415 182 1285 187 6405 175
5 5 1285 0x80000000 8 1305 172 8965 177 6405 179 8975 181 1295 178 3855 174 3865 177 6415 164
15 15 3855 0x80000000 9 1305 195 3845 189 8965 187 6405 178 1295 188 6415 180 8975 170 3865 181 1285 181
15 15 3855 0x80000000 9 8975 185 6405 178 1285 188 6415 192 8965 182 1295 188 3865 178 1305 172 3845 180
15 15 3855 0x80000000 9 3845 184 6405 179 1305 177 8975 177 6415 185 1285 184 3865 191 1295 186 8965 169
15 15 3855 0x80000000 9 1295 190 6415 180 8975 178 6405 188 1305 183 8965 183 3845 178 1285 186 3865 179
35 5 8965 0x80000000 9 1285 169 3855 177 6415 182 6405 180 1295 170 3845 175 8975 179 3865 175 1305 162
15 15 3855 0x80000000 9 1295 183 1305 189 3865 190 1285 189 8965 182 6405 181 6415 182 8975 166 3845 187
35 5 8965 0x80000000 9 6405 179 3855 178 6415 177 3845 183 1305 175 1285 170 1295 172 8975 191 3865 179
35 5 8965 0x80000000 9 6415 173 1305 160 6405 176 1295 179 8975 185 3845 173 3865 171 3855 180 1285 183
35 5 8965 0x80000000 9 1305 166 1285 174 3855 175 3845 177 6415 188 3865 170 8975 188 6405 185 1295 170
35 5 8965 0x80000000 9 3845 182 6415 180 8975 185 3865 182 3855 178 1305 168 1285 174 1295 173 6405 180
35 5 8965 0x80000000 9 1285 166 6415 188 1305 182 1295 171 3865 169 3855 176 8975 180 6405 187 3845 179
5 15 1295 0x80000000 9 3855 183 1305 183 6405 173 6415 183 3865 176 1285 175 8965 171 3845 191 8975 194
5 25 1305 0x80000000 9 3855 180 6405 177 1295 190 3865 185 8965 170 3845 167 8975 178 1285 178 6415 175
35 5 8965 0x80000000 9 1295 183 6415 175 3865 182 3855 177 6405 186 8975 185 1285 171 1305 172 3845 182
5 15 1295 0x80000000 9 6415 175 3855 184 3845 191 1285 186 6405 191 3865 183 8975 174 1305 184 8965 176
5 25 1305 0x80000000 9 8965 165 1295 184 3855 186 3845 178 6405 177 1285 179 6415 177 8975 170 3865 188
35 5 8965 0x80000000 9 6415 186 1285 172 6405 187 3855 179 1305 178 1295 167 8975 183 3845 184 3865 177
5 15 1295 0x80000000 9 6405 166 3855 185 8965 171 3845 183 1285 183 6415 169 8975 176 1305 182 3865 173
5 25 1305 0x80000000 9 6415 171 8975 175 1295 193 3855 175 1285 179 3865 176 3845 193 8965 180 6405 178
5 15 1295 0x80000000 9 3845 182 6415 192 8965 168 3865 177 3855 185 1285 183 6405 176 1305 189 8975 172
5 25 1305 0x80000000 9 1285 174 3865 177 1295 178 6415 175 3855 186 3845 184 6405 175 8975 167 8965 162
5 15 1295 0x80000000 9 6405 180 3865 183 6415 181 1305 181 3845 184 1285 190 8975 179 8965 174 3855 178
5 25 1305 0x80000000 9 8975 158 8965 181 3865 185 3845 179 1295 185 3855 182 1285 180 6405 180 6415 174
5 15 1295 0x80000000 9 3845 174 3855 191 3865 186 6415 183 8965 185 1305 183 6405 184 1285 186 8975 175
5 25 1305 0x80000000 9 1285 180 3865 186 3845 173 8965 178 6415 157 1295 183 3855 184 6405 180 8975 178
5 15 1295 0x80000000 9 3855 189 6415 167 1285 184 3845 184 8965 177 8975 176 6405 173 1305 181 3865 183
5 25 1305 0x80000000 9 3845 178 3855 178 6415 183 8965 182 1285 167 1295 174 6405 167 3865 183 8975 177
25 15 6415 0x80000000 9 3855 193 3845 187 1295 171 8975 183 1285 181 6405 180 8965 183 3865 180 1305 174
5 15 1295 0x80000000 9 6405 168 3855 192 8965 170 6415 183 3865 181 1285 185 3845 182 8975 166 1305 189
5 25 1305 0x80000000 9 1295 181 3865 180 3845 176 6405 190 8965 179 1285 173 3855 180 6415 172 8975 176
25 15 6415 0x80000000 9 6405 179 1295 171 1285 171 3855 186 8965 188 1305 190 8975 182 3865 187 3845 180
25 15 6415 0x80000000 9 1305 174 1285 182 3845 183 3855 177 6405 181 3865 177 8965 188 1295 181 8975 193
25 15 6415 0x80000000 9 1305 172 8975 185 3845 189 8965 186 6405 177 1295 174 3865 174 3855 190 1285 174
15 5 3845 0x80000000 9 1285 182 8975 185 3865 173 8965 178 1305 175 6415 182 3855 188 1295 189 6405 189
35 15 8975 0x80000000 9 1295 164 3865 175 6415 180 3845 184 3855 180 1285 162 6405 182 8965 182 1305 177
25 15 6415 0x80000000 9 3845 181 3865 183 6405 180 1295 187 3855 189 8965 186 1305 178 8975 179 1285 168
15 5 3845 0x80000000 9 6415 184 8965 175 1295 177 1285 184 3855 190 8975 175 1305 177 6405 189 3865 179
35 15 8975 0x80000000 9 6415 194 8965 192 1305 175 3865 188 1295 182 3855 188 6405 173 3845 188 1285 188
25 15 6415 0x80000000 9 3865 174 1305 182 8965 187 1295 176 3855 181 3845 192 6405 198 8975 179 1285 173
15 25 3865 0x80000000 9 1295 185 1305 197 6405 187 3845 169 3855 186 8965 169 8975 166 6415 180 1285 176
25 15 6415 0x80000000 9 8965 190 3865 178 3845 175 6405 182 1305 183 1285 177 3855 194 8975 189 1295 172
15 25 3865 0x80000000 9 6405 177 1305 183 1285 174 3845 173 3855 183 1295 175 8965 166 6415 182 8975 176
15 25 3865 0x80000000 9 8975 177 3845 197 1305 185 3855 194 6405 182 1295 188 6415 183 8965 177 1285 171
25 15 6415 0x80000000 9 3845 189 3855 182 1305 167 3865 178 8975 189 1295 187 8965 186 6405 191 1285 168
15 25 3865 0x80000000 9 3855 185 8965 191 1285 178 6415 179 6405 167 1305 188 3845 183 8975 174 1295 191
15 25 3865 0x80000000 9 8975 172 1285 182 6415 183 3855 187 1305 191 3845 174 6405 171 1295 188 8965 174
15 25 3865 0x80000000 9 1285 172 3845 188 8975 179 1295 184 3855 187 8965 172 6415 183 6405 181 1305 181
15 25 3865 0x80000000 9 6415 173 1285 178 1305 189 3855 187 6405 176 3845 176 8975 176 1295 189 8965 175
15 25 3865 0x80000000 9 8965 187 1305 184 1295 180 6405 171 3845 168 3855 188 1285 181 8975 177 6415 187
15 25 3865 0x80000000 9 1295 183 3845 174 6415 185 6405 192 1285 183 8965 173 8975 168 3855 187 1305 191
35 15 8975 0x80000000 9 6415 191 3865 180 1305 172 6405 188 3845 181 1295 174 8965 183 1285 189 3855 176
15 25 3865 0x80000000 9 3855 178 1285 177 3845 177 8965 179 1305 193 6405 179 6415 183 8975 174 1295 178
35 15 8975 0x80000000 9 6415 183 1295 179 3855 176 8965 183 1305 170 3845 177 6405 181 3865 174 1285 184
35 15 8975 0x80000000 9 8965 186 3865 177 3845 184 1285 174 6405 178 1295 166 6415 184 3855 177 1305 159
25 15 6415 0x80000000 9 3845 178 3865 182 8965 184 1295 171 1285 182 3855 183 6405 185 1305 175 8975 183
35 15 8975 0x80000000 9 3855 182 8965 179 1285 168 1305 164 3865 185 6405 184 1295 183 3845 176 6415 186
25 15 6415 0x80000000 9 1285 187 1305 186 8965 183 6405 184 3865 178 1295 186 3845 192 3855 191 8975 183
5 15 1295 0x80000000 9 3865 176 1305 187 3855 186 8965 178 6415 179 1285 188 3845 190 6405 186 8975 167
5 25 1305 0x80000000 9 8975 174 6415 177 8965 173 3855 188 3845 186 6405 175 3865 182 1285 182 1295 182
35 15 8975 0x80000000 9 6405 177 1295 180 3855 178 1285 171 3865 181 6415 192 1305 171 8965 180 3845 173
5 15 1295 0x80000000 9 8965 172 3855 184 1285 182 3865 182 8975 184 3845 178 6405 168 6415 183 1305 184
5 25 1305 0x80000000 9 1295 185 3855 171 8975 175 1285 170 3845 172 6405 166 8965 169 6415 169 3865 186
35 15 8975 0x80000000 9 3855 170 3845 172 1295 185 3865 174 1305 174 6405 181 6415 183 8965 187 1285 175
35 15 8975 0x80000000 9 6405 185 3865 181 6415 171 1285 175 3845 184 1305 178 8965 188 1295 169 3855 183
35 15 8975 0x80000000 9 1295 172 3855 177 1305 173 3865 186 6415 190 1285 170 3845 176 8965 178 6405 181
15 5 3845 0x80000000 9 1295 182 3855 182 1285 196 3865 179 6415 175 8965 178 8975 176 1305 182 6405 180
15 5 3845 0x80000000 9 3855 181 6405 189 1285 188 1305 182 1295 189 6415 177 8965 179 8975 167 3865 186
15 5 3845 0x80000000 9 6415 190 8965 176 6405 182 1285 194 8975 172 1305 182 3865 180 3855 196 1295 183
15 5 3845 0x80000000 9 6405 184 3865 181 1285 188 1305 181 3855 185 6415 175 8965 180 1295 185 8975 174
15 5 3845 0x80000000 9 6405 181 3855 190 1295 176 6415 175 1285 187 3865 175 8965 181 1305 183 8975 178
15 5 3845 0x80000000 9 1295 180 6405 182 8975 183 1285 184 3865 185 3855 180 6415 181 1305 171 8965 171
15 5 3845 0x80000000 9 6405 188 1305 171 1285 179 3865 175 8965 177 6415 183 8975 188 3855 182 1295 182
15 5 3845 0x80000000 9 3855 189 1305 180 1295 184 8965 176 1285 181 6405 183 8975 170 6415 182 3865 168
5 5 1285 0x80000000 9 3855 179 1305 182 3865 183 3845 184 1295 184 8975 176 6415 177 6405 180 8965 183
5 5 1285 0x80000000 9 3865 172 3845 184 1305 185 3855 184 8975 169 6415 175 1295 191 6405 174 8965 170
5 5 1285 0x80000000 9 1295 187 8965 174 3865 175 3855 174 8975 180 1305 170 3845 183 6415 179 6405 185
35 5 8965 0x80000000 9 8975 191 1295 167 3865 171 1305 171 1285 169 6405 189 3855 183 3845 185 6415 177
5 5 1285 0x80000000 9 6415 166 3845 179 1305 177 3865 164 1295 189 8965 164 3855 178 6405 185 8975 159
35 5 8965 0x80000000 9 3855 170 1305 173 1285 170 6405 185 8975 197 6415 178 3865 170 1295 183 3845 166
15 15 3855 0x80000000 9 8975 166 3865 187 6405 189 6415 179 1305 181 1295 189 3845 187 8965 164 1285 180
5 5 1285 0x80000000 9 3865 175 6415 171 1305 172 6405 179 3855 189 3845 193 8965 164 1295 180 8975 177
15 15 3855 0x80000000 9 1305 185 1295 195 8965 177 3865 187 6415 177 1285 191 6405 177 8975 178 3845 188
5 5 1285 0x80000000 9 3845 182 3865 183 8975 165 3855 183 1305 172 1295 182 8965 174 6415 181 6405 179
5 5 1285 0x80000000 9 3845 182 6415 173 6405 188 3855 178 1305 180 1295 179 8965 170 8975 176 3865 175
25 5 6405 0x80000000 9 1285 181 1305 179 3845 186 6415 177 8965 181 3855 179 3865 168 1295 169 8975 187
5 5 1285 0x80000000 9 3855 170 6415 183 8975 173 6405 176 8965 164 1295 184 3865 182 3845 178 1305 180
25 5 6405 0x80000000 9 1305 182 1285 172 1295 180 6415 188 3845 192 3865 185 8975 185 8965 190 3855 180
25 5 6405 0x80000000 9 3855 194 3865 180 8965 184 1305 168 3845 186 1295 179 6415 183 8975 173 1285 174
25 5 6405 0x80000000 9 3845 180 8975 186 1305 174 3855 183 6415 187 1295 172 8965 179 3865 175 1285 176
