DBVersion 1
0 10 10 0x80000000 11 3845 182 1295 192 8965 167 8975 181 1305 176 6405 178 1295 192 6415 177 3855 194 3865 182 1285 189
0 10 10 0x80000000 10 3845 187 8965 173 6405 177 6415 176 3855 184 1285 192 1305 181 3865 176 1295 190 8975 177
0 10 10 0x80000000 10 8965 178 6405 179 1305 180 8975 160 1285 193 1295 187 3855 186 3865 186 6415 174 3845 184
0 10 10 0x80000000 10 6415 181 1285 187 6405 176 8965 166 1295 183 8975 170 3865 176 3855 193 3845 188 1305 177
0 10 10 0x80000000 10 3865 168 1285 189 6405 182 1295 193 6415 179 8975 172 1305 177 3855 192 3845 193 8965 162
0 10 10 0x80000000 10 3845 191 6415 182 6405 179 8965 172 3855 184 1305 183 8975 171 1295 190 3865 174 1285 180
0 10 10 0x80000000 10 1295 191 1305 172 8975 168 3865 196 8965 174 3855 185 6405 184 1285 191 3845 181 6415 178
0 10 10 0x80000000 10 1295 192 3865 179 3845 190 1305 181 6415 179 6405 188 3855 180 8965 172 1285 191 8975 168
0 10 10 0x80000000 10 1285 189 8965 179 6415 182 1305 176 3855 190 8975 167 6405 176 3865 180 3845 182 1295 181
0 10 10 0x80000000 10 1305 178 8965 173 6415 176 1285 186 1295 189 6405 187 3855 191 8975 173 3865 184 3845 190
