DBVersion 1
0 10 10 0x80000000 11 3845 187 1295 190 8965 181 8975 179 1305 189 6405 178 1295 192 6415 181 3855 188 3865 176 1285 183
0 10 10 0x80000000 10 3845 189 8965 173 6405 176 6415 177 3855 193 1285 185 1305 176 3865 184 1295 188 8975 179
0 10 10 0x80000000 10 8965 163 6405 184 1305 185 8975 170 1285 186 1295 191 3855 189 3865 176 6415 181 3845 188
0 10 10 0x80000000 10 6415 191 1285 190 6405 181 8965 172 1295 186 8975 183 3865 172 3855 193 3845 191 1305 186
0 10 10 0x80000000 10 3865 180 1285 183 6405 189 1295 180 6415 179 8975 165 1305 185 3855 184 3845 182 8965 185
0 10 10 0x80000000 10 3845 198 6415 183 6405 183 8965 168 3855 182 1305 182 8975 177 1295 188 3865 192 1285 180
0 10 10 0x80000000 10 1295 193 1305 181 8975 184 3865 174 8965 187 3855 184 6405 182 1285 184 3845 192 6415 188
0 10 10 0x80000000 10 1295 189 3865 183 3845 183 1305 168 6415 184 6405 178 3855 187 8965 191 1285 186 8975 184
0 10 10 0x80000000 10 1285 181 8965 178 6415 180 1305 176 3855 196 8975 166 6405 176 3865 181 3845 191 1295 190
0 10 10 0x80000000 10 1305 178 8965 172 6415 178 1285 188 1295 187 6405 179 3855 183 8975 173 3865 176 3845 185
