DBVersion 1
0 10 10 0x80000000 10 3855 189 1295 183 1305 178 6415 168 3845 182 6405 183 8965 173 3865 176 1285 238 8975 167
0 10 10 0x80000000 10 3845 189 6405 167 3855 185 1295 188 1305 170 8965 183 1285 236 3865 178 8975 170 6415 166
0 10 10 0x80000000 10 6415 178 3865 177 8975 171 1285 234 1295 180 8965 164 3855 185 1305 168 3845 180 6405 180
0 10 10 0x80000000 10 1295 184 3845 191 3855 185 8965 182 1305 168 8975 165 3865 168 6405 165 6415 174 1285 239
0 10 10 0x80000000 10 1295 187 3855 181 3845 184 1285 235 6415 188 6405 174 3865 182 1305 179 8975 174 8965 167
0 10 10 0x80000000 10 1295 177 1285 237 6405 179 3865 176 3855 186 8965 171 3845 177 8975 166 6415 179 1305 177
0 10 10 0x80000000 10 8975 171 3865 182 1285 237 3845 184 3855 182 6405 185 8965 171 1295 184 6415 175 1305 174
0 10 10 0x80000000 10 3845 188 8975 173 6415 177 1305 182 8965 177 1295 186 3855 183 1285 240 3865 171 6405 164
0 10 10 0x80000000 10 3865 167 8965 174 3845 191 6405 181 1295 184 3855 184 1305 176 1285 236 8975 168 6415 183
0 10 10 0x80000000 10 8965 169 8975 178 6405 174 1295 186 3855 187 6415 180 1305 177 1285 235 3845 180 3865 173
