DBVersion 1
0 10 10 0x80000000 10 3855 183 1295 183 1305 180 6415 167 3845 186 6405 176 8965 176 3865 181 1285 236 8975 178
0 10 10 0x80000000 10 3845 194 6405 172 3855 190 1295 189 1305 179 8965 167 1285 235 3865 179 8975 174 6415 181
0 10 10 0x80000000 10 6415 187 3865 183 8975 174 1285 235 1295 181 8965 171 3855 189 1305 157 3845 186 6405 182
0 10 10 0x80000000 10 1295 188 3845 186 3855 182 8965 178 1305 164 8975 171 3865 177 6405 166 6415 189 1285 236
0 10 10 0x80000000 10 1295 172 3855 188 3845 188 1285 232 6415 173 6405 167 3865 174 1305 173 8975 166 8965 169
0 10 10 0x80000000 10 1295 187 1285 236 6405 168 3865 183 3855 177 8965 166 3845 186 8975 164 6415 174 1305 178
0 10 10 0x80000000 10 8975 176 3865 176 1285 235 3845 180 3855 184 6405 182 8965 178 1295 179 6415 167 1305 169
0 10 10 0x80000000 10 3845 193 8975 175 6415 169 1305 174 8965 178 1295 192 3855 179 1285 236 3865 174 6405 179
0 10 10 0x80000000 10 3865 180 8965 175 3845 175 6405 197 1295 187 3855 184 1305 171 1285 238 8975 171 6415 187
0 10 10 0x80000000 10 8965 168 8975 174 6405 174 1295 192 3855 184 6415 186 1305 173 1285 236 3845 185 3865 173
