s: 20.68 21.26 1.00 d: 37.27 15.48 3.40  86 7
s: 12.66 15.34 4.50 d: 14.81 24.54 3.40  76 7
s: 37.49 28.61 1.00 d: 18.46 48.65 3.40  88 7
s: 13.74 28.47 4.50 d: 15.45 19.33 6.90  126 7
s: 60.88 58.86 4.50 d: 49.01 42.59 3.40  65 7
s: 54.16 61.00 4.50 d: 46.79 61.21 6.90  115 7
s: 29.83 38.45 1.00 d: 47.01 61.00 10.40  92 7
s: 67.82 51.72 8.00 d: 61.39 62.35 10.40  84 7
s: 53.73 74.69 1.00 d: 14.52 43.80 6.90  78 7
s: 14.24 36.38 1.00 d: 47.01 61.00 10.40  71 7
s: 68.40 60.21 1.00 d: 57.88 62.99 3.40  87 7
s: 45.93 59.64 8.00 d: 44.72 61.14 3.40  70 7
s: 49.44 58.21 1.00 d: 44.72 61.14 3.40  94 7
s: 24.47 41.52 1.00 d: 63.53 43.95 3.40  75 7
s: 6.44 49.58 4.50 d: 14.52 43.80 6.90  131 7
s: 77.13 31.60 8.00 d: 73.12 22.33 10.40  76 7
s: 85.42 23.90 1.00 d: 72.69 42.45 6.90  76 7
s: 43.14 25.83 1.00 d: 50.22 27.82 3.40  107 7
s: 77.77 51.72 4.50 d: 72.83 58.07 3.40  92 7
s: 53.37 67.42 1.00 d: 61.24 70.56 3.40  104 7
s: 21.25 34.81 4.50 d: 14.52 43.80 6.90  109 7
s: 33.34 12.77 4.50 d: 45.65 12.91 3.40  93 7
s: 66.39 56.29 8.00 d: 72.98 60.57 10.40  125 7
s: 38.85 49.44 1.00 d: 18.46 48.65 3.40  78 7
s: 65.32 72.70 1.00 d: 47.01 61.00 10.40  81 7
s: 74.19 60.35 8.00 d: 71.62 62.35 6.90  129 7
s: 65.82 19.62 4.50 d: 33.55 14.77 6.90  76 7
s: 66.39 56.29 8.00 d: 71.19 33.17 10.40  75 7
s: 83.56 31.60 1.00 d: 72.83 22.83 6.90  80 7
s: 68.25 33.17 8.00 d: 72.98 60.57 10.40  73 7
s: 85.71 39.74 1.00 d: 72.83 58.07 3.40  79 7
s: 19.60 31.96 1.00 d: 18.46 48.65 3.40  100 7
s: 73.33 55.50 1.00 d: 72.83 58.07 3.40  139 7
s: 68.25 33.17 8.00 d: 71.19 33.17 10.40  132 7
s: 73.19 71.34 1.00 d: 47.01 61.00 10.40  72 7
s: 21.25 34.81 4.50 d: 71.76 50.51 10.40  75 7
s: 49.15 52.01 1.00 d: 44.72 61.14 3.40  83 7
s: 65.68 19.76 8.00 d: 72.98 41.52 10.40  68 7
s: 78.06 20.83 8.00 d: 72.83 22.83 6.90  102 7
s: 74.19 60.35 8.00 d: 71.04 33.89 6.90  77 7
s: 65.82 19.62 4.50 d: 71.19 33.17 10.40  67 7
s: 20.82 10.63 4.50 d: 44.07 13.41 6.90  83 7
s: 78.06 20.83 8.00 d: 71.76 50.51 10.40  71 7
s: 27.40 51.72 1.00 d: 14.52 43.80 6.90  80 7
s: 54.16 61.00 4.50 d: 47.01 61.00 10.40  104 7
s: 77.13 66.13 8.00 d: 71.62 62.35 6.90  101 7
s: 29.83 38.45 1.00 d: 44.07 13.41 6.90  79 7
s: 15.45 13.06 1.00 d: 33.55 14.77 6.90  80 7
s: 20.68 21.26 1.00 d: 12.81 13.91 3.40  110 7
s: 49.84 26.90 1.00 d: 14.81 24.54 3.40  63 7
s: 41.00 64.92 1.00 d: 44.72 61.14 3.40  127 7
s: 30.48 14.41 1.00 d: 44.07 13.41 6.90  87 7
s: 70.97 22.83 4.50 d: 72.98 41.52 10.40  84 7
s: 74.19 60.35 8.00 d: 72.98 60.57 10.40  143 7
s: 67.47 27.25 4.50 d: 63.53 43.95 3.40  65 7
s: 85.71 39.74 1.00 d: 72.98 60.57 10.40  87 7
s: 65.68 19.76 8.00 d: 44.07 13.41 6.90  71 7
s: 85.42 23.90 1.00 d: 71.76 50.51 10.40  71 7
s: 74.19 60.35 8.00 d: 71.19 33.17 10.40  108 7
s: 19.60 31.96 1.00 d: 15.45 19.33 6.90  72 7
s: 62.10 39.52 1.00 d: 71.76 50.51 10.40  82 7
s: 36.42 71.20 1.00 d: 47.01 61.00 10.40  94 7
s: 77.77 45.16 1.00 d: 72.69 42.45 6.90  80 7
s: 65.32 72.70 1.00 d: 14.52 43.80 6.90  80 7
s: 67.47 27.25 4.50 d: 71.04 33.89 6.90  105 7
s: 49.84 26.90 1.00 d: 49.01 42.59 3.40  92 7
s: 19.10 25.68 1.00 d: 14.81 24.54 3.40  154 7
s: 62.10 39.52 1.00 d: 47.01 61.00 10.40  74 7
s: 78.20 20.83 4.50 d: 44.07 13.41 6.90  69 7
s: 45.72 8.20 4.50 d: 72.83 22.83 6.90  80 7
s: 54.52 49.58 1.00 d: 71.19 33.17 10.40  81 7
s: 61.67 56.57 8.00 d: 53.87 62.71 6.90  94 7
s: 55.09 37.10 1.00 d: 72.98 41.52 10.40  88 7
s: 34.27 18.26 1.00 d: 33.55 14.77 6.90  103 7
s: 66.39 56.29 8.00 d: 61.39 62.35 10.40  106 7
s: 37.49 28.61 1.00 d: 71.76 50.51 10.40  74 7
s: 82.21 22.69 1.00 d: 63.53 43.95 3.40  73 7
s: 29.83 38.45 1.00 d: 44.72 61.14 3.40  81 7
s: 55.09 37.10 1.00 d: 49.01 42.59 3.40  97 7
s: 19.10 25.68 1.00 d: 49.01 42.59 3.40  68 7
s: 38.99 7.42 1.00 d: 44.07 13.41 6.90  100 7
s: 82.21 22.69 1.00 d: 71.04 33.89 6.90  84 7
s: 29.83 38.45 1.00 d: 71.19 33.17 10.40  81 7
s: 73.33 55.50 1.00 d: 72.98 60.57 10.40  77 7
s: 20.39 8.92 1.00 d: 37.27 15.48 3.40  82 7
s: 53.37 56.57 1.00 d: 63.53 43.95 3.40  73 7
s: 12.66 15.34 4.50 d: 33.55 14.77 6.90  88 7
s: 45.00 57.50 4.50 d: 71.19 33.17 10.40  69 7
s: 85.42 23.90 1.00 d: 80.20 20.40 3.40  131 7
s: 66.39 47.16 1.00 d: 72.83 58.07 3.40  95 7
s: 6.87 25.83 1.00 d: 14.52 43.80 6.90  77 7
s: 67.47 27.25 4.50 d: 72.98 41.52 10.40  75 7
s: 7.37 10.06 1.00 d: 37.27 15.48 3.40  93 7
s: 39.92 58.21 1.00 d: 63.53 43.95 3.40  65 7
s: 62.32 56.57 1.00 d: 80.20 42.73 3.40  94 7
s: 27.40 51.72 1.00 d: 23.11 40.88 3.40  112 7
s: 81.42 39.88 1.00 d: 72.98 41.52 10.40  78 7
s: 72.95 74.62 1.00 d: 53.87 62.71 6.90  79 7
s: 78.20 20.83 4.50 d: 72.98 41.52 10.40  76 7
s: 67.18 67.20 4.50 d: 53.87 62.71 6.90  103 7
s: 66.39 56.29 8.00 d: 47.01 61.00 10.40  70 7
s: 72.12 43.38 4.50 d: 72.83 58.07 3.40  84 7
s: 37.49 28.61 1.00 d: 63.53 43.95 3.40  68 7
s: 83.56 31.60 1.00 d: 72.69 42.45 6.90  73 7
s: 71.76 52.79 4.50 d: 72.98 41.52 10.40  70 7
s: 45.72 8.20 4.50 d: 37.27 15.48 3.40  78 7
s: 48.79 66.49 1.00 d: 46.79 61.21 6.90  96 7
s: 19.32 40.02 4.50 d: 71.76 50.51 10.40  72 7
s: 74.19 60.35 8.00 d: 61.39 62.35 10.40  108 7
s: 54.52 49.58 1.00 d: 47.01 61.00 10.40  68 7
s: 53.37 71.34 1.00 d: 14.52 43.80 6.90  85 7
s: 47.15 42.09 1.00 d: 72.98 41.52 10.40  72 7
s: 62.10 39.52 1.00 d: 44.07 13.41 6.90  66 7
s: 62.10 51.72 1.00 d: 72.98 41.52 10.40  78 7
s: 20.68 48.51 1.00 d: 14.52 43.80 6.90  106 7
s: 77.27 31.75 4.50 d: 63.53 43.95 3.40  68 7
s: 27.40 51.72 1.00 d: 18.46 48.65 3.40  81 7
s: 77.63 51.72 8.00 d: 71.04 33.89 6.90  70 7
s: 19.32 40.02 4.50 d: 14.81 24.54 3.40  78 7
s: 77.27 31.75 4.50 d: 71.04 33.89 6.90  119 7
s: 24.61 7.56 4.50 d: 22.82 13.55 6.90  133 7
s: 77.63 51.72 8.00 d: 71.76 50.51 10.40  126 7
s: 54.52 49.58 1.00 d: 61.39 62.35 10.40  80 7
s: 6.87 25.83 1.00 d: 14.81 24.54 3.40  125 7
s: 60.88 58.86 4.50 d: 46.79 61.21 6.90  77 7
s: 72.98 61.92 4.50 d: 72.83 22.83 6.90  82 7
s: 78.06 20.83 8.00 d: 72.69 42.45 6.90  69 7
s: 49.84 26.90 1.00 d: 71.19 33.17 10.40  74 7
s: 34.13 10.20 1.00 d: 14.81 24.54 3.40  65 7
s: 67.61 52.65 4.50 d: 72.98 60.57 10.40  78 7
s: 29.83 38.45 1.00 d: 61.39 62.35 10.40  63 7
s: 44.72 62.21 1.00 d: 61.24 70.56 3.40  80 7
s: 68.11 32.10 4.50 d: 63.53 43.95 3.40  80 7
s: 65.82 57.50 4.50 d: 72.69 42.45 6.90  77 7
s: 45.72 8.20 4.50 d: 45.65 12.91 3.40  106 7
s: 77.27 31.75 4.50 d: 71.76 50.51 10.40  71 7
s: 36.56 74.69 1.00 d: 14.52 43.80 6.90  85 7
s: 68.11 32.10 4.50 d: 71.04 33.89 6.90  138 7
s: 77.77 51.72 4.50 d: 63.53 43.95 3.40  78 7
s: 77.27 27.39 4.50 d: 71.19 33.17 10.40  98 7
s: 20.39 8.92 1.00 d: 12.81 13.91 3.40  101 7
s: 8.08 48.80 1.00 d: 12.66 38.60 3.40  117 7
s: 67.82 51.72 8.00 d: 44.07 13.41 6.90  70 7
s: 67.61 52.65 4.50 d: 72.83 58.07 3.40  74 7
s: 77.77 51.72 4.50 d: 71.04 33.89 6.90  80 7
s: 45.29 63.85 4.50 d: 53.87 62.71 6.90  112 7
s: 7.37 10.06 1.00 d: 12.81 13.91 3.40  133 7
s: 85.71 39.74 1.00 d: 63.53 43.95 3.40  82 7
s: 45.72 8.20 4.50 d: 72.69 42.45 6.90  71 7
s: 45.29 63.85 4.50 d: 61.39 62.35 10.40  71 7
s: 75.62 57.93 4.50 d: 72.83 58.07 3.40  83 7
s: 73.33 55.50 1.00 d: 63.53 43.95 3.40  110 7
s: 77.77 45.16 1.00 d: 80.20 42.73 3.40  134 7
s: 44.72 62.21 1.00 d: 49.01 42.59 3.40  66 7
s: 48.79 66.49 1.00 d: 47.01 61.00 10.40  86 7
s: 65.82 19.62 4.50 d: 44.07 13.41 6.90  82 7
s: 85.71 39.74 1.00 d: 71.04 33.89 6.90  77 7
s: 19.25 50.79 4.50 d: 18.46 48.65 3.40  124 7
s: 73.33 55.50 1.00 d: 71.04 33.89 6.90  73 7
s: 34.27 18.26 1.00 d: 47.01 61.00 10.40  68 7
s: 54.52 49.58 1.00 d: 44.07 13.41 6.90  67 7
s: 75.62 57.93 4.50 d: 53.87 62.71 6.90  80 7
s: 65.82 57.50 4.50 d: 71.76 50.51 10.40  92 7
s: 27.12 28.89 1.00 d: 37.27 15.48 3.40  105 7
s: 6.44 34.67 4.50 d: 14.52 43.80 6.90  89 7
s: 13.74 44.23 4.50 d: 18.46 48.65 3.40  110 7
s: 24.47 41.52 1.00 d: 22.82 13.55 6.90  81 7
s: 61.10 67.56 4.50 d: 47.01 61.00 10.40  72 7
s: 60.88 58.86 4.50 d: 47.01 61.00 10.40  70 7
s: 24.97 6.99 1.00 d: 14.81 24.54 3.40  74 7
s: 24.61 7.56 4.50 d: 37.27 15.48 3.40  81 7
s: 27.12 28.89 1.00 d: 72.98 41.52 10.40  69 7
s: 58.17 42.88 1.00 d: 72.83 58.07 3.40  87 7
s: 61.39 67.42 1.00 d: 61.39 62.35 10.40  73 7
s: 77.27 27.11 8.00 d: 71.76 50.51 10.40  75 7
s: 58.17 42.88 1.00 d: 53.87 62.71 6.90  98 7
s: 72.12 43.38 4.50 d: 71.76 50.51 10.40  86 7
s: 75.62 57.93 4.50 d: 72.98 60.57 10.40  98 7
s: 24.97 20.55 1.00 d: 37.27 15.48 3.40  116 7
s: 67.61 52.65 4.50 d: 61.39 62.35 10.40  66 7
s: 61.67 56.57 8.00 d: 63.53 43.95 3.40  78 7
s: 45.93 59.64 8.00 d: 53.87 62.71 6.90  84 7
s: 8.30 18.12 1.00 d: 37.27 15.48 3.40  80 7
s: 34.27 18.26 1.00 d: 14.52 43.80 6.90  75 7
s: 49.44 58.21 1.00 d: 53.87 62.71 6.90  81 7
s: 21.25 34.81 4.50 d: 37.27 15.48 3.40  78 7
s: 62.10 51.72 1.00 d: 72.69 42.45 6.90  79 7
s: 13.74 44.23 4.50 d: 15.45 19.33 6.90  90 7
s: 65.68 19.76 8.00 d: 71.19 33.17 10.40  80 7
s: 53.37 67.42 1.00 d: 47.01 61.00 10.40  71 7
s: 78.20 20.83 4.50 d: 80.20 20.40 3.40  125 7
s: 34.27 18.26 1.00 d: 44.07 13.41 6.90  93 7
s: 53.37 71.34 1.00 d: 61.39 62.35 10.40  63 7
s: 24.47 41.52 1.00 d: 71.76 50.51 10.40  82 7
s: 72.98 61.92 4.50 d: 72.69 42.45 6.90  84 7
s: 43.14 25.83 1.00 d: 14.81 24.54 3.40  84 7
s: 62.32 56.57 1.00 d: 72.83 58.07 3.40  107 7
s: 19.10 25.68 1.00 d: 13.59 29.96 6.90  110 7
s: 67.18 67.20 4.50 d: 71.62 62.35 6.90  131 7
s: 19.32 40.02 4.50 d: 33.55 14.77 6.90  70 7
s: 24.47 41.52 1.00 d: 37.27 15.48 3.40  89 7
s: 62.32 56.57 1.00 d: 53.87 62.71 6.90  78 7
s: 24.97 20.55 1.00 d: 45.65 12.91 3.40  105 7
s: 70.97 22.83 4.50 d: 71.19 33.17 10.40  94 7
s: 47.15 42.09 1.00 d: 50.22 27.82 3.40  117 7
s: 62.10 51.72 1.00 d: 50.22 27.82 3.40  99 7
s: 72.12 43.38 4.50 d: 71.62 62.35 6.90  110 7
s: 74.19 42.09 8.00 d: 72.98 41.52 10.40  142 7
s: 66.39 47.16 1.00 d: 63.53 43.95 3.40  144 7
s: 48.22 7.92 1.00 d: 63.53 43.95 3.40  66 7
s: 43.14 25.83 1.00 d: 49.01 42.59 3.40  73 7
s: 24.47 20.83 4.50 d: 14.52 43.80 6.90  67 7
s: 34.13 10.20 1.00 d: 33.55 14.77 6.90  104 7
s: 67.47 27.25 4.50 d: 72.83 22.83 6.90  109 7
s: 12.66 15.34 4.50 d: 44.07 13.41 6.90  80 7
s: 66.39 47.16 1.00 d: 71.04 33.89 6.90  75 7
s: 48.22 7.92 1.00 d: 71.04 33.89 6.90  68 7
s: 45.00 57.50 4.50 d: 14.52 43.80 6.90  82 7
s: 58.17 61.14 1.00 d: 44.72 61.14 3.40  91 7
s: 27.40 51.72 1.00 d: 71.04 33.89 6.90  63 7
s: 67.18 67.20 4.50 d: 71.04 33.89 6.90  69 7
s: 48.79 66.49 1.00 d: 44.72 61.14 3.40  106 7
s: 72.12 43.38 4.50 d: 63.53 43.95 3.40  85 7
s: 55.09 37.10 1.00 d: 71.19 33.17 10.40  89 7
s: 58.17 42.88 1.00 d: 72.98 41.52 10.40  87 7
s: 72.12 43.38 4.50 d: 71.04 33.89 6.90  129 7
s: 41.00 64.92 1.00 d: 53.87 62.71 6.90  80 7
s: 24.47 20.83 4.50 d: 14.81 24.54 3.40  70 7
s: 82.21 22.69 1.00 d: 72.83 22.83 6.90  79 7
s: 24.97 20.55 1.00 d: 12.81 13.91 3.40  86 7
s: 82.21 22.69 1.00 d: 72.98 41.52 10.40  81 7
s: 75.62 57.93 4.50 d: 61.39 62.35 10.40  70 7
s: 61.67 56.57 8.00 d: 72.98 41.52 10.40  80 7
s: 55.09 37.10 1.00 d: 47.01 61.00 10.40  73 7
s: 55.09 37.10 1.00 d: 80.20 42.73 3.40  82 7
s: 19.10 25.68 1.00 d: 47.01 61.00 10.40  68 7
s: 8.30 18.12 1.00 d: 12.81 13.91 3.40  126 7
s: 44.64 15.72 4.50 d: 72.83 22.83 6.90  86 7
s: 19.10 25.68 1.00 d: 71.19 33.17 10.40  75 7
s: 78.06 20.83 8.00 d: 73.12 22.33 10.40  132 7
s: 72.95 74.62 1.00 d: 57.88 62.99 3.40  89 7
s: 20.68 21.26 1.00 d: 14.81 24.54 3.40  111 7
s: 29.83 38.45 1.00 d: 23.11 40.88 3.40  130 7
s: 81.42 39.88 1.00 d: 80.20 42.73 3.40  124 7
s: 81.42 39.88 1.00 d: 72.98 60.57 10.40  80 7
s: 67.47 27.25 4.50 d: 71.19 33.17 10.40  93 7
s: 77.13 31.60 8.00 d: 72.98 41.52 10.40  128 7
s: 68.25 33.17 8.00 d: 63.53 43.95 3.40  77 7
s: 38.85 49.44 1.00 d: 14.52 43.80 6.90  89 7
s: 19.32 40.02 4.50 d: 13.59 29.96 6.90  94 7
s: 24.97 6.99 1.00 d: 33.55 14.77 6.90  95 7
s: 14.24 36.38 1.00 d: 23.11 40.88 3.40  96 7
s: 77.13 66.13 8.00 d: 72.98 60.57 10.40  116 7
s: 75.62 57.93 4.50 d: 71.62 62.35 6.90  128 7
s: 78.20 20.83 4.50 d: 71.19 33.17 10.40  77 7
s: 68.25 33.17 8.00 d: 71.04 33.89 6.90  100 7
s: 71.76 52.79 4.50 d: 72.98 60.57 10.40  92 7
s: 77.13 66.13 8.00 d: 71.19 33.17 10.40  72 7
s: 71.76 52.79 4.50 d: 71.19 33.17 10.40  70 7
s: 67.61 52.65 4.50 d: 63.53 43.95 3.40  98 7
s: 29.83 38.45 1.00 d: 18.46 48.65 3.40  90 7
s: 61.39 67.42 1.00 d: 61.24 70.56 3.40  122 7
s: 62.10 51.72 1.00 d: 71.19 33.17 10.40  74 7
s: 68.11 67.85 8.00 d: 71.76 50.51 10.40  90 7
s: 45.00 57.50 4.50 d: 14.81 24.54 3.40  66 7
s: 53.37 71.34 1.00 d: 61.24 70.56 3.40  103 7
s: 19.10 25.68 1.00 d: 12.66 38.60 3.40  78 7
s: 44.72 62.21 1.00 d: 46.79 61.21 6.90  109 7
s: 14.24 36.38 1.00 d: 18.46 48.65 3.40  114 7
s: 67.61 52.65 4.50 d: 71.04 33.89 6.90  87 7
s: 75.62 57.93 4.50 d: 63.53 43.95 3.40  64 7
s: 53.37 67.42 1.00 d: 44.72 61.14 3.40  86 7
s: 65.32 72.70 1.00 d: 72.98 60.57 10.40  73 7
s: 77.27 31.75 4.50 d: 72.83 22.83 6.90  102 7
s: 49.84 26.90 1.00 d: 44.07 13.41 6.90  83 7
s: 65.32 72.70 1.00 d: 53.87 62.71 6.90  85 7
s: 55.09 37.10 1.00 d: 61.39 62.35 10.40  84 7
s: 18.03 74.84 1.00 d: 71.19 33.17 10.40  62 7
s: 74.19 60.35 8.00 d: 72.69 42.45 6.90  73 7
s: 44.64 15.72 4.50 d: 37.27 15.48 3.40  90 7
s: 55.09 37.10 1.00 d: 44.07 13.41 6.90  70 7
s: 20.68 48.51 1.00 d: 14.81 24.54 3.40  101 7
s: 73.19 71.34 1.00 d: 53.87 62.71 6.90  75 7
s: 19.32 40.02 4.50 d: 47.01 61.00 10.40  74 7
s: 68.11 32.10 4.50 d: 72.83 22.83 6.90  86 7
s: 77.27 31.75 4.50 d: 80.20 42.73 3.40  74 7
s: 43.14 25.83 1.00 d: 33.55 14.77 6.90  65 7
s: 58.17 42.88 1.00 d: 63.53 43.95 3.40  120 7
s: 20.82 10.63 4.50 d: 15.45 19.33 6.90  125 7
s: 54.16 61.00 4.50 d: 53.87 62.71 6.90  144 7
s: 58.17 42.88 1.00 d: 71.04 33.89 6.90  91 7
s: 67.47 27.25 4.50 d: 72.69 42.45 6.90  82 7
s: 82.21 22.69 1.00 d: 45.65 12.91 3.40  143 7
s: 45.93 59.64 8.00 d: 63.53 43.95 3.40  84 7
s: 49.44 58.21 1.00 d: 63.53 43.95 3.40  78 7
s: 37.49 28.61 1.00 d: 37.27 15.48 3.40  94 7
s: 47.58 16.91 1.00 d: 37.27 15.48 3.40  97 7
s: 45.93 59.64 8.00 d: 71.04 33.89 6.90  67 7
s: 85.71 39.74 1.00 d: 72.83 22.83 6.90  87 7
s: 49.44 58.21 1.00 d: 71.04 33.89 6.90  64 7
s: 44.64 15.72 4.50 d: 45.65 12.91 3.40  103 7
s: 77.13 66.13 8.00 d: 61.39 62.35 10.40  87 7
s: 53.73 74.69 1.00 d: 61.24 70.56 3.40  91 7
s: 62.10 39.52 1.00 d: 72.83 58.07 3.40  79 7
s: 71.76 52.79 4.50 d: 61.39 62.35 10.40  63 7
s: 44.64 15.72 4.50 d: 72.98 41.52 10.40  77 7
s: 44.72 62.21 1.00 d: 47.01 61.00 10.40  72 7
s: 82.21 22.69 1.00 d: 72.69 42.45 6.90  74 7
s: 77.13 67.35 4.50 d: 72.98 60.57 10.40  85 7
s: 47.15 42.09 1.00 d: 61.39 62.35 10.40  63 7
s: 62.10 51.72 1.00 d: 61.39 62.35 10.40  78 7
s: 62.10 39.52 1.00 d: 53.87 62.71 6.90  85 7
s: 67.47 27.25 4.50 d: 50.22 27.82 3.40  88 7
s: 44.64 15.72 4.50 d: 72.69 42.45 6.90  73 7
s: 65.32 72.70 1.00 d: 61.39 62.35 10.40  71 7
s: 24.47 20.83 4.50 d: 33.55 14.77 6.90  113 7
s: 62.32 56.57 1.00 d: 63.53 43.95 3.40  99 7
s: 38.85 49.44 1.00 d: 37.27 15.48 3.40  84 7
s: 19.60 31.96 1.00 d: 12.66 38.60 3.40  128 7
s: 27.12 28.89 1.00 d: 71.19 33.17 10.40  84 7
s: 62.10 39.52 1.00 d: 80.20 42.73 3.40  85 7
s: 33.34 12.77 4.50 d: 33.55 14.77 6.90  148 7
s: 49.15 52.01 1.00 d: 63.53 43.95 3.40  84 7
s: 47.58 16.91 1.00 d: 45.65 12.91 3.40  132 7
s: 68.11 32.10 4.50 d: 71.76 50.51 10.40  74 7
s: 77.27 31.75 4.50 d: 73.12 22.33 10.40  83 7
s: 82.21 22.69 1.00 d: 50.22 27.82 3.40  120 7
s: 83.56 31.60 1.00 d: 72.98 41.52 10.40  85 7
s: 20.68 21.26 1.00 d: 33.55 14.77 6.90  69 7
s: 20.39 8.92 1.00 d: 14.81 24.54 3.40  83 7
s: 49.15 52.01 1.00 d: 71.04 33.89 6.90  71 7
s: 7.37 10.06 1.00 d: 14.81 24.54 3.40  99 7
s: 8.08 48.80 1.00 d: 18.46 48.65 3.40  110 7
s: 34.13 10.20 1.00 d: 44.07 13.41 6.90  88 7
s: 70.83 22.83 8.00 d: 71.76 50.51 10.40  100 7
s: 67.82 51.72 8.00 d: 71.76 50.51 10.40  129 7
s: 77.41 58.71 8.00 d: 72.98 41.52 10.40  73 7
s: 77.63 51.72 8.00 d: 72.69 42.45 6.90  69 7
s: 6.44 49.58 4.50 d: 14.81 24.54 3.40  67 7
s: 77.27 31.75 4.50 d: 72.69 42.45 6.90  109 7
s: 38.85 49.44 1.00 d: 45.65 12.91 3.40  85 7
s: 14.24 36.38 1.00 d: 12.66 38.60 3.40  149 7
s: 62.32 56.57 1.00 d: 57.88 62.99 3.40  98 7
s: 13.74 28.47 4.50 d: 71.19 33.17 10.40  71 7
s: 54.52 49.58 1.00 d: 72.83 58.07 3.40  82 7
s: 62.46 64.35 8.00 d: 46.79 61.21 6.90  113 7
s: 54.52 49.58 1.00 d: 53.87 62.71 6.90  99 7
s: 78.84 59.78 1.00 d: 72.98 60.57 10.40  70 7
s: 67.61 27.39 8.00 d: 71.04 33.89 6.90  86 7
s: 37.49 28.61 1.00 d: 50.22 27.82 3.40  93 7
s: 73.19 71.34 1.00 d: 72.98 60.57 10.40  76 7
s: 74.19 42.09 8.00 d: 72.98 60.57 10.40  112 7
s: 72.98 61.92 4.50 d: 72.98 60.57 10.40  99 7
s: 74.19 42.09 8.00 d: 71.19 33.17 10.40  133 7
s: 39.21 17.34 1.00 d: 37.27 15.48 3.40  131 7
s: 77.27 31.75 4.50 d: 50.22 27.82 3.40  94 7
s: 48.22 7.92 1.00 d: 72.83 22.83 6.90  83 7
s: 68.11 32.10 4.50 d: 72.69 42.45 6.90  118 7
s: 77.27 27.11 8.00 d: 73.12 22.33 10.40  135 7
s: 43.14 25.83 1.00 d: 47.01 61.00 10.40  75 7
s: 19.25 50.79 4.50 d: 14.52 43.80 6.90  144 7
s: 77.77 51.72 4.50 d: 71.76 50.51 10.40  106 7
s: 77.77 51.72 4.50 d: 72.69 42.45 6.90  85 7
s: 72.12 43.38 4.50 d: 73.12 22.33 10.40  76 7
s: 24.97 6.99 1.00 d: 44.07 13.41 6.90  77 7
s: 72.12 43.38 4.50 d: 72.83 22.83 6.90  102 7
s: 58.17 42.88 1.00 d: 71.19 33.17 10.40  87 7
s: 44.72 62.21 1.00 d: 44.72 61.14 3.40  142 7
s: 82.21 22.69 1.00 d: 72.98 60.57 10.40  71 7
s: 85.71 39.74 1.00 d: 72.69 42.45 6.90  73 7
s: 61.67 56.57 8.00 d: 72.98 60.57 10.40  92 7
s: 73.33 55.50 1.00 d: 72.69 42.45 6.90  73 7
s: 67.61 27.39 8.00 d: 71.76 50.51 10.40  73 7
s: 70.97 22.83 4.50 d: 44.07 13.41 6.90  79 7
s: 82.21 22.69 1.00 d: 71.19 33.17 10.40  72 7
s: 58.17 61.14 1.00 d: 72.83 58.07 3.40  82 7
s: 78.20 20.83 4.50 d: 71.04 33.89 6.90  97 7
s: 68.11 32.10 4.50 d: 50.22 27.82 3.40  102 7
s: 15.45 13.06 1.00 d: 18.46 48.65 3.40  83 7
s: 43.14 48.08 1.00 d: 14.81 24.54 3.40  73 7
s: 45.00 57.50 4.50 d: 46.79 61.21 6.90  136 7
s: 8.08 48.80 1.00 d: 14.52 43.80 6.90  103 7
s: 39.21 17.34 1.00 d: 45.65 12.91 3.40  123 7
s: 54.16 61.00 4.50 d: 71.62 62.35 6.90  133 7
s: 58.17 61.14 1.00 d: 53.87 62.71 6.90  105 7
s: 71.76 52.79 4.50 d: 72.69 54.58 6.90  151 7
s: 24.47 41.52 1.00 d: 73.12 22.33 10.40  71 7
s: 62.46 64.35 8.00 d: 47.01 61.00 10.40  143 7
s: 27.12 28.89 1.00 d: 14.81 24.54 3.40  99 7
s: 48.79 66.49 1.00 d: 53.87 62.71 6.90  93 7
s: 53.37 71.34 1.00 d: 46.79 61.21 6.90  99 7
s: 74.19 42.09 8.00 d: 71.04 33.89 6.90  102 7
s: 24.47 20.83 4.50 d: 47.01 61.00 10.40  70 7
s: 77.13 31.60 8.00 d: 71.19 33.17 10.40  117 7
s: 47.15 42.09 1.00 d: 49.01 42.59 3.40  137 7
s: 43.14 48.08 1.00 d: 49.01 42.59 3.40  107 7
s: 62.10 51.72 1.00 d: 49.01 42.59 3.40  95 7
s: 68.25 33.17 8.00 d: 72.83 22.83 6.90  67 7
s: 54.16 61.00 4.50 d: 63.53 43.95 3.40  74 7
s: 48.22 7.92 1.00 d: 37.27 15.48 3.40  91 7
s: 61.10 67.56 4.50 d: 53.87 62.71 6.90  110 7
s: 72.12 43.38 4.50 d: 80.20 42.73 3.40  94 7
s: 60.88 58.86 4.50 d: 53.87 62.71 6.90  119 7
s: 27.12 28.89 1.00 d: 49.01 42.59 3.40  85 7
s: 27.40 51.72 1.00 d: 37.27 15.48 3.40  99 7
s: 68.40 60.21 1.00 d: 61.24 70.56 3.40  90 7
s: 68.11 67.85 8.00 d: 47.01 61.00 10.40  72 7
s: 66.39 56.29 8.00 d: 71.76 50.51 10.40  101 7
s: 73.19 71.34 1.00 d: 61.39 62.35 10.40  74 7
s: 74.19 42.09 8.00 d: 61.39 62.35 10.40  67 7
s: 72.98 61.92 4.50 d: 61.39 62.35 10.40  86 7
s: 43.14 25.83 1.00 d: 44.07 13.41 6.90  67 7
s: 68.25 33.17 8.00 d: 71.76 50.51 10.40  89 7
s: 44.86 14.91 1.00 d: 37.27 15.48 3.40  119 7
s: 24.97 20.55 1.00 d: 14.81 24.54 3.40  85 7
s: 15.45 13.06 1.00 d: 15.45 19.33 6.90  98 7
s: 43.14 25.83 1.00 d: 14.52 43.80 6.90  75 7
s: 62.10 39.52 1.00 d: 63.53 43.95 3.40  117 7
s: 7.37 10.06 1.00 d: 33.55 14.77 6.90  64 7
s: 8.30 18.12 1.00 d: 14.81 24.54 3.40  103 7
s: 58.17 42.88 1.00 d: 61.39 62.35 10.40  78 7
s: 21.25 34.81 4.50 d: 14.81 24.54 3.40  81 7
s: 62.10 39.52 1.00 d: 71.04 33.89 6.90  82 7
s: 48.22 7.92 1.00 d: 45.65 12.91 3.40  131 7
s: 61.67 56.57 8.00 d: 61.39 62.35 10.40  123 7
s: 45.00 57.50 4.50 d: 47.01 61.00 10.40  101 7
s: 24.97 20.55 1.00 d: 49.01 42.59 3.40  62 7
s: 53.37 67.42 1.00 d: 72.83 58.07 3.40  76 7
s: 45.72 8.20 4.50 d: 33.55 14.77 6.90  106 7
s: 53.37 71.34 1.00 d: 47.01 61.00 10.40  88 7
s: 26.90 72.98 1.00 d: 61.24 70.56 3.40  87 7
s: 53.37 67.42 1.00 d: 53.87 62.71 6.90  97 7
s: 13.74 44.23 4.50 d: 12.66 38.60 3.40  113 7
s: 77.27 27.11 8.00 d: 71.04 33.89 6.90  101 7
s: 24.47 20.83 4.50 d: 44.07 13.41 6.90  95 7
s: 44.86 14.91 1.00 d: 45.65 12.91 3.40  147 7
s: 74.19 60.35 8.00 d: 71.76 50.51 10.40  112 7
s: 66.39 47.16 1.00 d: 72.69 42.45 6.90  84 7
s: 48.22 7.92 1.00 d: 72.69 42.45 6.90  72 7
s: 24.47 41.52 1.00 d: 14.81 24.54 3.40  86 7
s: 58.17 61.14 1.00 d: 61.39 62.35 10.40  75 7
s: 85.71 39.74 1.00 d: 71.76 50.51 10.40  73 7
s: 20.68 48.51 1.00 d: 47.01 61.00 10.40  68 7
s: 26.90 72.98 1.00 d: 14.52 43.80 6.90  91 7
s: 33.34 12.77 4.50 d: 44.07 13.41 6.90  120 7
s: 54.52 49.58 1.00 d: 71.76 50.51 10.40  78 7
s: 45.93 59.64 8.00 d: 71.19 33.17 10.40  69 7
s: 67.82 51.72 8.00 d: 63.53 43.95 3.40  74 7
s: 72.12 43.38 4.50 d: 72.69 42.45 6.90  142 7
s: 24.47 41.52 1.00 d: 49.01 42.59 3.40  75 7
s: 44.64 15.72 4.50 d: 71.19 33.17 10.40  70 7
s: 67.82 51.72 8.00 d: 71.04 33.89 6.90  71 7
s: 78.84 59.78 1.00 d: 80.20 42.73 3.40  117 7
s: 12.66 15.34 4.50 d: 15.45 19.33 6.90  132 7
s: 17.74 70.70 1.00 d: 14.52 43.80 6.90  80 7
s: 21.25 34.81 4.50 d: 72.98 41.52 10.40  73 7
s: 48.22 7.92 1.00 d: 50.22 27.82 3.40  102 7
s: 54.52 49.58 1.00 d: 63.53 43.95 3.40  114 7
s: 65.82 19.62 4.50 d: 71.04 33.89 6.90  85 7
s: 73.33 55.50 1.00 d: 71.76 50.51 10.40  71 7
s: 78.06 20.83 8.00 d: 72.98 41.52 10.40  92 7
s: 54.52 49.58 1.00 d: 71.04 33.89 6.90  88 7
s: 55.09 37.10 1.00 d: 72.83 58.07 3.40  80 7
s: 44.86 14.91 1.00 d: 50.22 27.82 3.40  97 7
s: 83.56 31.60 1.00 d: 72.98 60.57 10.40  76 7
s: 53.73 74.69 1.00 d: 47.01 61.00 10.40  86 7
s: 55.09 37.10 1.00 d: 53.87 62.71 6.90  96 7
s: 83.56 31.60 1.00 d: 71.19 33.17 10.40  79 7
s: 77.13 67.35 4.50 d: 71.62 62.35 6.90  123 7
s: 68.25 33.17 8.00 d: 72.69 42.45 6.90  98 7
s: 27.12 28.89 1.00 d: 33.55 14.77 6.90  89 7
s: 62.10 51.72 1.00 d: 80.20 42.73 3.40  93 7
s: 68.40 60.21 1.00 d: 72.98 60.57 10.40  74 7
s: 68.40 60.21 1.00 d: 80.20 42.73 3.40  101 7
s: 85.42 23.90 1.00 d: 72.98 41.52 10.40  86 7
s: 62.10 39.52 1.00 d: 72.98 41.52 10.40  91 7
s: 77.41 58.71 8.00 d: 72.98 60.57 10.40  139 7
s: 77.77 45.16 1.00 d: 71.76 50.51 10.40  73 7
s: 18.03 74.84 1.00 d: 61.24 70.56 3.40  88 7
s: 24.61 7.56 4.50 d: 33.55 14.77 6.90  117 7
s: 19.10 25.68 1.00 d: 18.46 48.65 3.40  86 7
s: 77.41 58.71 8.00 d: 71.19 33.17 10.40  76 7
s: 67.61 52.65 4.50 d: 72.69 42.45 6.90  95 7
s: 19.60 31.96 1.00 d: 73.12 22.33 10.40  75 7
s: 83.56 31.60 1.00 d: 80.20 20.40 3.40  128 7
s: 37.49 28.61 1.00 d: 72.98 41.52 10.40  71 7
s: 45.93 59.64 8.00 d: 61.39 62.35 10.40  75 7
s: 68.25 33.17 8.00 d: 50.22 27.82 3.40  105 7
s: 58.17 61.14 1.00 d: 63.53 43.95 3.40  70 7
s: 45.00 57.50 4.50 d: 44.72 61.14 3.40  123 7
s: 73.33 55.50 1.00 d: 80.20 42.73 3.40  122 7
s: 13.74 28.47 4.50 d: 14.81 24.54 3.40  112 7
s: 60.88 58.86 4.50 d: 71.62 62.35 6.90  129 7
s: 20.82 10.63 4.50 d: 22.82 13.55 6.90  138 7
s: 67.61 27.39 8.00 d: 72.83 22.83 6.90  87 7
s: 36.56 74.69 1.00 d: 61.24 70.56 3.40  79 7
s: 24.97 20.55 1.00 d: 33.55 14.77 6.90  90 7
s: 53.73 74.69 1.00 d: 72.98 60.57 10.40  72 7
s: 54.16 61.00 4.50 d: 61.39 62.35 10.40  98 7
s: 19.10 25.68 1.00 d: 14.52 43.80 6.90  71 7
s: 67.61 52.65 4.50 d: 71.76 50.51 10.40  100 7
s: 61.10 67.56 4.50 d: 63.53 43.95 3.40  75 7
s: 60.88 58.86 4.50 d: 63.53 43.95 3.40  81 7
s: 53.37 56.57 1.00 d: 61.24 70.56 3.40  85 7
s: 27.40 51.72 1.00 d: 72.98 41.52 10.40  79 7
s: 61.10 67.56 4.50 d: 72.98 60.57 10.40  73 7
s: 58.17 42.88 1.00 d: 72.69 42.45 6.90  82 7
s: 68.11 32.10 4.50 d: 73.12 22.33 10.40  74 7
s: 27.12 28.89 1.00 d: 46.79 61.21 6.90  86 7
s: 60.88 58.86 4.50 d: 71.04 33.89 6.90  66 7
s: 19.32 40.02 4.50 d: 23.11 40.88 3.40  89 7
s: 65.68 19.76 8.00 d: 72.83 22.83 6.90  101 7
s: 45.93 59.64 8.00 d: 72.69 42.45 6.90  65 7
s: 60.88 58.86 4.50 d: 72.98 60.57 10.40  75 7
s: 39.92 58.21 1.00 d: 14.81 24.54 3.40  69 7
s: 70.83 22.83 8.00 d: 73.12 22.33 10.40  153 7
s: 62.46 64.35 8.00 d: 14.52 43.80 6.90  70 7
s: 58.17 61.14 1.00 d: 57.88 62.99 3.40  150 7
s: 24.47 41.52 1.00 d: 33.55 14.77 6.90  76 7
s: 7.01 40.66 4.50 d: 12.66 38.60 3.40  109 7
s: 19.32 40.02 4.50 d: 72.98 41.52 10.40  73 7
s: 78.20 20.83 4.50 d: 72.83 22.83 6.90  127 7
s: 48.79 66.49 1.00 d: 57.88 62.99 3.40  96 7
s: 37.49 28.61 1.00 d: 14.81 24.54 3.40  86 7
s: 19.32 40.02 4.50 d: 18.46 48.65 3.40  84 7
s: 77.41 58.71 8.00 d: 61.39 62.35 10.40  86 7
s: 6.87 25.83 1.00 d: 18.46 48.65 3.40  81 7
s: 77.63 51.72 8.00 d: 72.98 41.52 10.40  91 7
s: 39.92 58.21 1.00 d: 49.01 42.59 3.40  73 7
s: 53.87 61.14 8.00 d: 72.98 60.57 10.40  96 7
s: 38.99 7.42 1.00 d: 72.83 22.83 6.90  73 7
s: 74.19 42.09 8.00 d: 72.83 22.83 6.90  77 7
s: 53.87 61.14 8.00 d: 46.79 61.21 6.90  85 7
s: 60.88 58.86 4.50 d: 57.88 62.99 3.40  112 7
s: 53.73 74.69 1.00 d: 44.72 61.14 3.40  75 7
s: 49.44 58.21 1.00 d: 50.22 27.82 3.40  103 7
s: 27.12 28.89 1.00 d: 14.52 43.80 6.90  85 7
s: 37.49 28.61 1.00 d: 49.01 42.59 3.40  79 7
s: 53.37 67.42 1.00 d: 63.53 43.95 3.40  70 7
s: 44.72 62.21 1.00 d: 53.87 62.71 6.90  81 7
s: 65.82 57.50 4.50 d: 72.69 54.58 6.90  160 7
s: 29.83 38.45 1.00 d: 37.27 15.48 3.40  96 7
s: 24.47 41.52 1.00 d: 14.52 43.80 6.90  83 7
s: 17.74 70.70 1.00 d: 61.24 70.56 3.40  85 7
s: 43.14 48.08 1.00 d: 47.01 61.00 10.40  67 7
s: 62.10 51.72 1.00 d: 47.01 61.00 10.40  69 7
s: 38.85 49.44 1.00 d: 14.81 24.54 3.40  85 7
s: 49.15 52.01 1.00 d: 72.69 42.45 6.90  67 7
s: 77.27 31.75 4.50 d: 72.98 41.52 10.40  103 7
s: 45.72 8.20 4.50 d: 44.07 13.41 6.90  127 7
s: 53.73 74.69 1.00 d: 61.39 62.35 10.40  69 7
s: 18.03 74.84 1.00 d: 14.52 43.80 6.90  88 7
s: 30.48 14.41 1.00 d: 37.27 15.48 3.40  127 7
s: 13.74 28.47 4.50 d: 14.52 43.80 6.90  95 7
s: 49.15 52.01 1.00 d: 72.98 41.52 10.40  73 7
s: 19.60 31.96 1.00 d: 14.81 24.54 3.40  113 7
s: 27.12 28.89 1.00 d: 47.01 61.00 10.40  90 7
s: 39.92 58.21 1.00 d: 14.52 43.80 6.90  68 7
s: 37.49 28.61 1.00 d: 14.52 43.80 6.90  79 7
s: 72.98 61.92 4.50 d: 47.01 61.00 10.40  67 7
s: 19.60 31.96 1.00 d: 14.52 43.80 6.90  81 7
s: 26.90 72.98 1.00 d: 46.79 61.21 6.90  89 7
s: 38.85 49.44 1.00 d: 49.01 42.59 3.40  83 7
s: 24.47 41.52 1.00 d: 46.79 61.21 6.90  91 7
s: 61.10 67.56 4.50 d: 61.39 62.35 10.40  101 7
s: 53.37 56.57 1.00 d: 61.39 62.35 10.40  71 7
s: 19.60 31.96 1.00 d: 49.01 42.59 3.40  70 7
s: 7.01 40.66 4.50 d: 14.81 24.54 3.40  73 7
s: 49.15 52.01 1.00 d: 50.22 27.82 3.40  108 7
s: 68.11 32.10 4.50 d: 49.01 42.59 3.40  76 7
s: 49.84 26.90 1.00 d: 63.53 43.95 3.40  77 7
s: 24.47 41.52 1.00 d: 13.59 29.96 6.90  72 7
s: 60.88 58.86 4.50 d: 61.39 62.35 10.40  101 7
s: 83.56 31.60 1.00 d: 80.20 42.73 3.40  107 7
s: 53.37 67.42 1.00 d: 57.88 62.99 3.40  130 7
s: 81.42 39.88 1.00 d: 72.83 58.07 3.40  101 7
s: 71.76 52.79 4.50 d: 72.83 58.07 3.40  126 7
s: 49.84 26.90 1.00 d: 71.04 33.89 6.90  86 7
s: 38.99 7.42 1.00 d: 37.27 15.48 3.40  107 7
s: 67.61 27.39 8.00 d: 72.69 42.45 6.90  67 7
s: 77.27 27.39 4.50 d: 71.04 33.89 6.90  120 7
s: 30.48 14.41 1.00 d: 45.65 12.91 3.40  103 7
s: 71.76 52.79 4.50 d: 53.87 62.71 6.90  75 7
s: 24.97 20.55 1.00 d: 47.01 61.00 10.40  77 7
s: 53.87 61.14 8.00 d: 47.01 61.00 10.40  120 7
s: 77.27 27.11 8.00 d: 72.83 22.83 6.90  87 7
s: 70.97 22.83 4.50 d: 71.76 50.51 10.40  75 7
s: 55.09 37.10 1.00 d: 63.53 43.95 3.40  106 7
s: 78.84 59.78 1.00 d: 72.83 58.07 3.40  135 7
s: 55.09 37.10 1.00 d: 71.04 33.89 6.90  91 7
s: 14.24 36.38 1.00 d: 14.52 43.80 6.90  98 7
s: 21.25 34.81 4.50 d: 47.01 61.00 10.40  70 7
s: 53.87 61.14 8.00 d: 61.39 62.35 10.40  135 7
s: 82.21 22.69 1.00 d: 33.55 14.77 6.90  88 7
s: 77.27 27.11 8.00 d: 72.98 41.52 10.40  107 7
s: 62.10 51.72 1.00 d: 44.07 13.41 6.90  75 7
s: 72.12 43.38 4.50 d: 72.98 41.52 10.40  108 7
s: 82.21 22.69 1.00 d: 80.20 42.73 3.40  102 7
s: 44.64 15.72 4.50 d: 33.55 14.77 6.90  111 7
s: 67.61 27.39 8.00 d: 50.22 27.82 3.40  93 7
s: 55.09 37.10 1.00 d: 71.76 50.51 10.40  72 7
s: 27.12 28.89 1.00 d: 44.07 13.41 6.90  86 7
s: 43.14 25.83 1.00 d: 23.11 40.88 3.40  88 7
s: 38.99 7.42 1.00 d: 45.65 12.91 3.40  120 7
s: 30.48 14.41 1.00 d: 12.81 13.91 3.40  111 7
s: 26.90 72.98 1.00 d: 47.01 61.00 10.40  87 7
s: 78.20 20.83 4.50 d: 72.69 42.45 6.90  76 7
s: 24.47 41.52 1.00 d: 47.01 61.00 10.40  92 7
s: 77.13 31.60 8.00 d: 71.04 33.89 6.90  93 7
s: 29.83 38.45 1.00 d: 50.22 27.82 3.40  92 7
s: 24.61 7.56 4.50 d: 44.07 13.41 6.90  85 7
s: 21.25 34.81 4.50 d: 71.19 33.17 10.40  76 7
s: 72.98 61.92 4.50 d: 72.69 54.58 6.90  136 7
s: 65.82 19.62 4.50 d: 72.83 22.83 6.90  124 7
s: 65.82 19.62 4.50 d: 73.12 22.33 10.40  97 7
s: 78.06 20.83 8.00 d: 71.19 33.17 10.40  104 7
s: 24.47 41.52 1.00 d: 72.98 41.52 10.40  71 7
s: 74.19 42.09 8.00 d: 72.69 42.45 6.90  117 7
s: 37.49 28.61 1.00 d: 33.55 14.77 6.90  78 7
s: 47.58 16.91 1.00 d: 33.55 14.77 6.90  72 7
s: 43.14 48.08 1.00 d: 44.72 61.14 3.40  86 7
s: 81.42 39.88 1.00 d: 71.76 50.51 10.40  79 7
s: 24.97 20.55 1.00 d: 44.07 13.41 6.90  80 7
s: 85.42 23.90 1.00 d: 72.98 60.57 10.40  73 7
s: 27.12 28.89 1.00 d: 44.72 61.14 3.40  76 7
s: 77.13 66.13 8.00 d: 71.76 50.51 10.40  81 7
s: 85.42 23.90 1.00 d: 71.19 33.17 10.40  72 7
s: 13.74 28.47 4.50 d: 13.59 29.96 6.90  154 7
s: 72.95 74.62 1.00 d: 61.24 70.56 3.40  110 7
s: 71.76 52.79 4.50 d: 71.76 50.51 10.40  107 7
s: 21.25 34.81 4.50 d: 44.07 13.41 6.90  71 7
s: 62.46 64.35 8.00 d: 53.87 62.71 6.90  99 7
s: 62.10 39.52 1.00 d: 71.19 33.17 10.40  87 7
s: 19.32 40.02 4.50 d: 63.53 43.95 3.40  66 7
s: 74.19 60.35 8.00 d: 47.01 61.00 10.40  94 7
s: 62.10 51.72 1.00 d: 71.76 50.51 10.40  76 7
s: 74.19 42.09 8.00 d: 50.22 27.82 3.40  86 7
s: 19.32 40.02 4.50 d: 71.04 33.89 6.90  69 7
s: 38.85 49.44 1.00 d: 33.55 14.77 6.90  80 7
s: 27.40 51.72 1.00 d: 14.81 24.54 3.40  82 7
s: 72.95 74.62 1.00 d: 72.98 60.57 10.40  77 7
s: 37.49 28.61 1.00 d: 71.19 33.17 10.40  77 7
s: 48.22 7.92 1.00 d: 71.19 33.17 10.40  76 7
s: 68.11 67.85 8.00 d: 53.87 62.71 6.90  80 7
s: 44.86 14.91 1.00 d: 14.81 24.54 3.40  71 7
s: 43.14 48.08 1.00 d: 14.52 43.80 6.90  75 7
s: 62.10 39.52 1.00 d: 72.69 42.45 6.90  79 7
s: 39.92 58.21 1.00 d: 46.79 61.21 6.90  96 7
s: 66.39 47.16 1.00 d: 49.01 42.59 3.40  75 7
s: 24.47 41.52 1.00 d: 44.07 13.41 6.90  79 7
s: 27.40 51.72 1.00 d: 49.01 42.59 3.40  84 7
s: 77.13 66.13 8.00 d: 47.01 61.00 10.40  67 7
s: 39.92 58.21 1.00 d: 13.59 29.96 6.90  68 7
s: 18.03 74.84 1.00 d: 47.01 61.00 10.40  80 7
s: 37.49 28.61 1.00 d: 46.79 61.21 6.90  93 7
s: 77.27 27.11 8.00 d: 72.69 42.45 6.90  80 7
s: 72.12 43.38 4.50 d: 49.01 42.59 3.40  67 7
s: 27.40 51.72 1.00 d: 71.19 33.17 10.40  76 7
s: 70.83 22.83 8.00 d: 71.04 33.89 6.90  99 7
s: 77.77 45.16 1.00 d: 72.83 58.07 3.40  111 7
s: 13.74 28.47 4.50 d: 47.01 61.00 10.40  59 7
s: 61.39 67.42 1.00 d: 72.83 58.07 3.40  81 7
s: 67.18 67.20 4.50 d: 72.98 60.57 10.40  93 7
s: 12.66 15.34 4.50 d: 22.82 13.55 6.90  127 7
s: 45.00 57.50 4.50 d: 53.87 62.71 6.90  91 7
s: 61.39 67.42 1.00 d: 53.87 62.71 6.90  90 7
s: 15.45 13.06 1.00 d: 37.27 15.48 3.40  94 7
s: 36.56 74.69 1.00 d: 47.01 61.00 10.40  83 7
s: 6.44 34.67 4.50 d: 14.81 24.54 3.40  88 7
s: 53.37 71.34 1.00 d: 53.87 62.71 6.90  90 7
s: 65.82 19.62 4.50 d: 45.65 12.91 3.40  75 7
s: 19.32 40.02 4.50 d: 71.19 33.17 10.40  74 7
s: 19.25 50.79 4.50 d: 14.81 24.54 3.40  68 7
s: 71.76 52.79 4.50 d: 71.62 62.35 6.90  132 7
s: 67.82 51.72 8.00 d: 72.69 42.45 6.90  75 7
s: 24.47 20.83 4.50 d: 15.45 19.33 6.90  81 7
s: 62.10 39.52 1.00 d: 61.39 62.35 10.40  76 7
s: 19.60 31.96 1.00 d: 46.79 61.21 6.90  86 7
s: 13.74 44.23 4.50 d: 14.52 43.80 6.90  152 7
s: 77.63 51.72 8.00 d: 72.98 60.57 10.40  104 7
s: 13.74 44.23 4.50 d: 14.81 24.54 3.40  74 7
s: 39.21 17.34 1.00 d: 33.55 14.77 6.90  94 7
s: 77.63 51.72 8.00 d: 71.19 33.17 10.40  91 7
s: 68.25 33.17 8.00 d: 49.01 42.59 3.40  73 7
s: 33.34 12.77 4.50 d: 15.45 19.33 6.90  100 7
s: 65.82 19.62 4.50 d: 72.69 42.45 6.90  67 7
s: 19.60 31.96 1.00 d: 13.59 29.96 6.90  92 7
s: 39.92 58.21 1.00 d: 47.01 61.00 10.40  62 7
s: 70.97 22.83 4.50 d: 71.04 33.89 6.90  119 7
s: 54.52 49.58 1.00 d: 72.69 42.45 6.90  85 7
s: 81.42 39.88 1.00 d: 63.53 43.95 3.40  82 7
s: 71.76 52.79 4.50 d: 63.53 43.95 3.40  90 7
s: 66.39 47.16 1.00 d: 61.39 62.35 10.40  70 7
s: 72.95 74.62 1.00 d: 61.39 62.35 10.40  78 7
s: 48.22 7.92 1.00 d: 61.39 62.35 10.40  65 7
s: 20.68 48.51 1.00 d: 18.46 48.65 3.40  131 7
s: 62.32 56.57 1.00 d: 61.39 62.35 10.40  75 7
s: 34.27 18.26 1.00 d: 37.27 15.48 3.40  131 7
s: 81.42 39.88 1.00 d: 71.04 33.89 6.90  72 7
s: 71.76 52.79 4.50 d: 71.04 33.89 6.90  99 7
s: 67.47 27.25 4.50 d: 44.07 13.41 6.90  70 7
s: 67.61 52.65 4.50 d: 49.01 42.59 3.40  70 7
s: 67.82 51.72 8.00 d: 50.22 27.82 3.40  92 7
s: 37.49 28.61 1.00 d: 47.01 61.00 10.40  77 7
s: 77.27 31.75 4.50 d: 71.19 33.17 10.40  98 7
s: 78.84 59.78 1.00 d: 63.53 43.95 3.40  104 7
s: 83.56 31.60 1.00 d: 72.83 58.07 3.40  96 7
s: 77.27 27.39 4.50 d: 73.12 22.33 10.40  88 7
s: 49.15 52.01 1.00 d: 71.19 33.17 10.40  72 7
s: 65.82 19.62 4.50 d: 50.22 27.82 3.40  84 7
s: 62.46 64.35 8.00 d: 72.98 60.57 10.40  77 7
s: 27.40 51.72 1.00 d: 61.39 62.35 10.40  68 7
s: 54.52 49.58 1.00 d: 50.22 27.82 3.40  95 7
s: 12.66 15.34 4.50 d: 14.52 43.80 6.90  78 7
s: 82.21 22.69 1.00 d: 44.07 13.41 6.90  96 7
s: 53.73 74.69 1.00 d: 53.87 62.71 6.90  82 7
s: 66.39 47.16 1.00 d: 80.20 42.73 3.40  119 7
s: 43.14 25.83 1.00 d: 63.53 43.95 3.40  72 7
s: 49.84 26.90 1.00 d: 14.52 43.80 6.90  69 7
s: 67.18 67.20 4.50 d: 61.39 62.35 10.40  82 7
s: 38.85 49.44 1.00 d: 47.01 61.00 10.40  83 7
s: 65.82 57.50 4.50 d: 72.98 60.57 10.40  100 7
s: 44.64 15.72 4.50 d: 44.07 13.41 6.90  135 7
s: 43.14 25.83 1.00 d: 71.04 33.89 6.90  62 7
s: 21.25 34.81 4.50 d: 12.66 38.60 3.40  78 7
s: 34.27 18.26 1.00 d: 45.65 12.91 3.40  96 7
s: 17.74 70.70 1.00 d: 47.01 61.00 10.40  77 7
s: 15.45 13.06 1.00 d: 12.81 13.91 3.40  147 7
s: 19.60 31.96 1.00 d: 47.01 61.00 10.40  77 7
s: 48.22 7.92 1.00 d: 33.55 14.77 6.90  76 7
s: 49.84 26.90 1.00 d: 72.83 22.83 6.90  83 7
s: 58.17 42.88 1.00 d: 49.01 42.59 3.40  100 7
s: 58.17 42.88 1.00 d: 80.20 42.73 3.40  85 7
s: 77.27 27.39 4.50 d: 72.83 22.83 6.90  113 7
s: 68.11 32.10 4.50 d: 47.01 61.00 10.40  66 7
s: 27.40 51.72 1.00 d: 33.55 14.77 6.90  81 7
s: 65.82 57.50 4.50 d: 72.83 58.07 3.40  105 7
s: 77.63 51.72 8.00 d: 61.39 62.35 10.40  63 7
s: 39.92 58.21 1.00 d: 44.07 13.41 6.90  71 7
s: 49.44 58.21 1.00 d: 49.01 42.59 3.40  92 7
s: 85.42 23.90 1.00 d: 63.53 43.95 3.40  82 7
s: 44.86 14.91 1.00 d: 33.55 14.77 6.90  95 7
s: 74.19 42.09 8.00 d: 71.76 50.51 10.40  115 7
s: 72.98 61.92 4.50 d: 71.76 50.51 10.40  84 7
s: 62.32 56.57 1.00 d: 61.24 70.56 3.40  79 7
s: 77.27 27.11 8.00 d: 72.98 60.57 10.40  86 7
s: 85.42 23.90 1.00 d: 71.04 33.89 6.90  91 7
s: 65.82 57.50 4.50 d: 53.87 62.71 6.90  85 7
s: 77.27 27.11 8.00 d: 71.19 33.17 10.40  118 7
s: 72.12 43.38 4.50 d: 72.98 60.57 10.40  77 7
s: 37.49 28.61 1.00 d: 44.07 13.41 6.90  89 7
s: 47.58 16.91 1.00 d: 44.07 13.41 6.90  99 7
s: 68.11 32.10 4.50 d: 72.98 41.52 10.40  105 7
s: 72.12 43.38 4.50 d: 71.19 33.17 10.40  96 7
s: 58.17 42.88 1.00 d: 71.76 50.51 10.40  82 7
s: 70.83 22.83 8.00 d: 72.98 41.52 10.40  105 7
s: 62.32 56.57 1.00 d: 49.01 42.59 3.40  67 7
s: 77.13 31.60 8.00 d: 72.83 22.83 6.90  74 7
s: 61.67 56.57 8.00 d: 71.76 50.51 10.40  85 7
s: 67.82 51.72 8.00 d: 72.98 41.52 10.40  93 7
s: 41.00 64.92 1.00 d: 61.24 70.56 3.40  82 7
s: 6.44 49.58 4.50 d: 18.46 48.65 3.40  86 7
s: 65.68 19.76 8.00 d: 73.12 22.33 10.40  136 7
s: 62.46 64.35 8.00 d: 61.39 62.35 10.40  103 7
s: 39.92 58.21 1.00 d: 44.72 61.14 3.40  128 7
s: 38.85 49.44 1.00 d: 44.07 13.41 6.90  83 7
s: 49.15 52.01 1.00 d: 49.01 42.59 3.40  103 7
s: 12.66 15.34 4.50 d: 12.81 13.91 3.40  98 7
s: 24.47 41.52 1.00 d: 71.19 33.17 10.40  77 7
s: 37.49 28.61 1.00 d: 44.72 61.14 3.40  84 7
s: 71.76 52.79 4.50 d: 80.20 42.73 3.40  90 7
s: 68.11 32.10 4.50 d: 44.07 13.41 6.90  73 7
s: 65.82 57.50 4.50 d: 61.39 62.35 10.40  72 7
s: 77.13 31.60 8.00 d: 71.76 50.51 10.40  98 7
s: 7.01 40.66 4.50 d: 14.52 43.80 6.90  107 7
s: 61.67 56.57 8.00 d: 47.01 61.00 10.40  78 7
s: 70.97 22.83 4.50 d: 73.12 22.33 10.40  113 7
s: 85.42 23.90 1.00 d: 80.20 42.73 3.40  99 7
s: 41.00 64.92 1.00 d: 49.01 42.59 3.40  71 7
s: 45.00 57.50 4.50 d: 63.53 43.95 3.40  81 7
s: 77.77 51.72 4.50 d: 72.69 54.58 6.90  130 7
s: 77.77 45.16 1.00 d: 63.53 43.95 3.40  118 7
s: 61.39 67.42 1.00 d: 63.53 43.95 3.40  65 7
s: 77.77 45.16 1.00 d: 71.04 33.89 6.90  72 7
s: 24.47 20.83 4.50 d: 61.39 62.35 10.40  68 7
s: 7.37 10.06 1.00 d: 15.45 19.33 6.90  77 7
s: 29.83 38.45 1.00 d: 14.81 24.54 3.40  88 7
s: 19.32 40.02 4.50 d: 72.83 22.83 6.90  71 7
s: 77.41 58.71 8.00 d: 47.01 61.00 10.40  68 7
s: 62.10 51.72 1.00 d: 72.83 58.07 3.40  94 7
s: 38.85 49.44 1.00 d: 44.72 61.14 3.40  75 7
s: 49.84 26.90 1.00 d: 45.65 12.91 3.40  105 7
s: 14.24 36.38 1.00 d: 14.81 24.54 3.40  123 7
s: 30.48 14.41 1.00 d: 14.81 24.54 3.40  82 7
s: 6.87 25.83 1.00 d: 12.66 38.60 3.40  78 7
s: 62.10 51.72 1.00 d: 53.87 62.71 6.90  83 7
s: 27.12 28.89 1.00 d: 23.11 40.88 3.40  120 7
s: 72.98 61.92 4.50 d: 72.83 58.07 3.40  89 7
s: 67.61 27.39 8.00 d: 72.98 41.52 10.40  91 7
s: 29.83 38.45 1.00 d: 49.01 42.59 3.40  90 7
s: 29.83 38.45 1.00 d: 14.52 43.80 6.90  78 7
s: 65.32 72.70 1.00 d: 61.24 70.56 3.40  113 7
s: 49.84 26.90 1.00 d: 72.69 42.45 6.90  78 7
s: 72.98 61.92 4.50 d: 53.87 62.71 6.90  110 7
s: 72.95 74.62 1.00 d: 47.01 61.00 10.40  71 7
s: 77.27 27.39 4.50 d: 72.69 42.45 6.90  99 7
s: 36.42 71.20 1.00 d: 14.52 43.80 6.90  83 7
s: 27.40 51.72 1.00 d: 47.01 61.00 10.40  92 7
s: 6.44 34.67 4.50 d: 13.59 29.96 6.90  129 7
s: 39.21 17.34 1.00 d: 44.07 13.41 6.90  102 7
s: 45.29 63.85 4.50 d: 46.79 61.21 6.90  113 7
s: 82.21 22.69 1.00 d: 80.20 20.40 3.40  124 7
s: 27.12 28.89 1.00 d: 18.46 48.65 3.40  85 7
s: 73.19 71.34 1.00 d: 61.24 70.56 3.40  119 7
s: 20.68 48.51 1.00 d: 12.66 38.60 3.40  127 7
s: 68.40 60.21 1.00 d: 72.83 58.07 3.40  133 7
s: 70.83 22.83 8.00 d: 72.83 22.83 6.90  118 7
s: 61.39 67.42 1.00 d: 57.88 62.99 3.40  132 7
s: 67.47 27.25 4.50 d: 73.12 22.33 10.40  89 7
s: 77.77 51.72 4.50 d: 80.20 42.73 3.40  104 7
s: 55.09 37.10 1.00 d: 72.69 42.45 6.90  88 7
s: 85.71 39.74 1.00 d: 80.20 42.73 3.40  101 7
s: 53.37 71.34 1.00 d: 57.88 62.99 3.40  76 7
s: 13.74 44.23 4.50 d: 13.59 29.96 6.90  100 7
s: 78.20 20.83 4.50 d: 73.12 22.33 10.40  111 7
s: 38.85 49.44 1.00 d: 71.19 33.17 10.40  73 7
s: 24.97 20.55 1.00 d: 23.11 40.88 3.40  86 7
s: 49.84 26.90 1.00 d: 50.22 27.82 3.40  151 7
s: 83.56 31.60 1.00 d: 63.53 43.95 3.40  82 7
s: 66.39 56.29 8.00 d: 72.98 41.52 10.40  72 7
s: 53.87 61.14 8.00 d: 53.87 62.71 6.90  118 7
s: 19.10 25.68 1.00 d: 12.81 13.91 3.40  91 7
s: 45.93 59.64 8.00 d: 71.76 50.51 10.40  65 7
s: 68.11 67.85 8.00 d: 72.98 60.57 10.40  123 7
s: 83.56 31.60 1.00 d: 71.04 33.89 6.90  85 7
s: 21.25 34.81 4.50 d: 23.11 40.88 3.40  76 7
s: 68.25 33.17 8.00 d: 72.98 41.52 10.40  139 7
s: 68.11 67.85 8.00 d: 71.19 33.17 10.40  75 7
s: 77.13 31.60 8.00 d: 72.69 42.45 6.90  91 7
s: 55.09 37.10 1.00 d: 50.22 27.82 3.40  94 7
s: 34.13 10.20 1.00 d: 37.27 15.48 3.40  121 7
s: 65.82 57.50 4.50 d: 71.62 62.35 6.90  124 7
s: 36.42 71.20 1.00 d: 61.24 70.56 3.40  90 7
s: 70.97 22.83 4.50 d: 72.83 22.83 6.90  143 7
s: 45.72 8.20 4.50 d: 71.19 33.17 10.40  71 7
s: 68.25 33.17 8.00 d: 47.01 61.00 10.40  68 7
s: 21.25 34.81 4.50 d: 18.46 48.65 3.40  79 7
s: 78.06 20.83 8.00 d: 71.04 33.89 6.90  82 7
s: 71.76 52.79 4.50 d: 72.83 22.83 6.90  96 7
s: 19.25 50.79 4.50 d: 47.01 61.00 10.40  67 7
s: 24.47 41.52 1.00 d: 23.11 40.88 3.40  131 7
s: 45.93 59.64 8.00 d: 46.79 61.21 6.90  112 7
s: 49.44 58.21 1.00 d: 46.79 61.21 6.90  89 7
s: 48.22 7.92 1.00 d: 44.07 13.41 6.90  98 7
s: 45.29 63.85 4.50 d: 47.01 61.00 10.40  125 7
s: 65.82 57.50 4.50 d: 63.53 43.95 3.40  66 7
s: 27.40 51.72 1.00 d: 44.07 13.41 6.90  86 7
s: 54.52 49.58 1.00 d: 80.20 42.73 3.40  86 7
s: 83.56 31.60 1.00 d: 71.76 50.51 10.40  77 7
s: 17.74 70.70 1.00 d: 71.19 33.17 10.40  66 7
s: 65.82 57.50 4.50 d: 71.04 33.89 6.90  88 7
s: 6.44 34.67 4.50 d: 12.66 38.60 3.40  84 7
s: 44.86 14.91 1.00 d: 44.07 13.41 6.90  113 7
s: 74.19 60.35 8.00 d: 72.98 41.52 10.40  94 7
s: 72.12 43.38 4.50 d: 44.07 13.41 6.90  70 7
s: 62.10 39.52 1.00 d: 49.01 42.59 3.40  97 7
s: 24.47 41.52 1.00 d: 18.46 48.65 3.40  95 7
s: 34.13 10.20 1.00 d: 45.65 12.91 3.40  101 7
s: 85.71 39.74 1.00 d: 72.98 41.52 10.40  70 7
s: 8.08 48.80 1.00 d: 14.81 24.54 3.40  90 7
s: 77.41 58.71 8.00 d: 71.76 50.51 10.40  99 7
s: 54.52 49.58 1.00 d: 72.98 41.52 10.40  76 7
s: 45.72 8.20 4.50 d: 71.04 33.89 6.90  67 7
s: 19.60 31.96 1.00 d: 71.19 33.17 10.40  71 7
s: 20.82 10.63 4.50 d: 33.55 14.77 6.90  88 7
s: 24.97 6.99 1.00 d: 37.27 15.48 3.40  113 7
s: 29.83 38.45 1.00 d: 33.55 14.77 6.90  88 7
s: 53.37 67.42 1.00 d: 61.39 62.35 10.40  68 7
s: 6.87 25.83 1.00 d: 12.81 13.91 3.40  88 7
s: 74.19 60.35 8.00 d: 53.87 62.71 6.90  81 7
s: 27.40 51.72 1.00 d: 44.72 61.14 3.40  83 7
s: 68.11 67.85 8.00 d: 61.39 62.35 10.40  109 7
s: 30.48 14.41 1.00 d: 33.55 14.77 6.90  107 7
s: 58.17 42.88 1.00 d: 47.01 61.00 10.40  76 7
s: 29.83 38.45 1.00 d: 72.98 41.52 10.40  80 7
s: 65.68 19.76 8.00 d: 33.55 14.77 6.90  67 7
s: 68.25 33.17 8.00 d: 44.07 13.41 6.90  81 7
s: 85.42 23.90 1.00 d: 72.83 22.83 6.90  76 7
s: 72.95 74.62 1.00 d: 14.52 43.80 6.90  72 7
s: 45.93 59.64 8.00 d: 47.01 61.00 10.40  129 7
s: 45.00 57.50 4.50 d: 72.98 41.52 10.40  70 7
s: 49.44 58.21 1.00 d: 47.01 61.00 10.40  72 7
s: 41.00 64.92 1.00 d: 46.79 61.21 6.90  92 7
s: 70.83 22.83 8.00 d: 72.69 42.45 6.90  83 7
s: 67.82 51.72 8.00 d: 49.01 42.59 3.40  74 7
s: 24.47 20.83 4.50 d: 22.82 13.55 6.90  127 7
s: 68.11 32.10 4.50 d: 71.19 33.17 10.40  106 7
s: 45.93 59.64 8.00 d: 14.52 43.80 6.90  80 7
s: 33.34 12.77 4.50 d: 22.82 13.55 6.90  112 7
s: 70.83 22.83 8.00 d: 72.98 60.57 10.40  95 7
s: 72.98 61.92 4.50 d: 71.62 62.35 6.90  156 7
s: 54.52 49.58 1.00 d: 49.01 42.59 3.40  96 7
s: 38.99 7.42 1.00 d: 33.55 14.77 6.90  95 7
s: 70.83 22.83 8.00 d: 71.19 33.17 10.40  118 7
s: 47.15 42.09 1.00 d: 63.53 43.95 3.40  84 7
s: 43.14 48.08 1.00 d: 63.53 43.95 3.40  69 7
s: 62.10 51.72 1.00 d: 63.53 43.95 3.40  117 7
s: 67.82 51.72 8.00 d: 72.98 60.57 10.40  96 7
s: 82.21 22.69 1.00 d: 72.83 58.07 3.40  75 7
s: 67.82 51.72 8.00 d: 71.19 33.17 10.40  93 7
s: 47.15 42.09 1.00 d: 71.04 33.89 6.90  72 7
s: 62.10 51.72 1.00 d: 71.04 33.89 6.90  80 7
s: 27.12 28.89 1.00 d: 63.53 43.95 3.40  62 7
s: 15.45 13.06 1.00 d: 14.81 24.54 3.40  122 7
s: 29.83 38.45 1.00 d: 46.79 61.21 6.90  95 7
s: 20.82 10.63 4.50 d: 13.59 29.96 6.90  76 7
s: 68.40 60.21 1.00 d: 71.62 62.35 6.90  85 7
s: 49.15 52.01 1.00 d: 47.01 61.00 10.40  73 7
s: 70.97 22.83 4.50 d: 72.69 42.45 6.90  98 7
s: 49.84 26.90 1.00 d: 72.98 41.52 10.40  84 7
s: 72.98 61.92 4.50 d: 71.04 33.89 6.90  83 7
s: 45.29 63.85 4.50 d: 44.72 61.14 3.40  89 7
s: 58.17 61.14 1.00 d: 61.24 70.56 3.40  109 7
s: 24.97 6.99 1.00 d: 12.81 13.91 3.40  85 7
s: 24.97 20.55 1.00 d: 71.76 50.51 10.40  71 7
s: 53.87 61.14 8.00 d: 71.76 50.51 10.40  77 7
s: 53.37 56.57 1.00 d: 72.83 58.07 3.40  80 7
s: 71.76 52.79 4.50 d: 72.69 42.45 6.90  93 7
s: 48.79 66.49 1.00 d: 61.24 70.56 3.40  92 7
s: 53.37 56.57 1.00 d: 53.87 62.71 6.90  97 7
s: 68.40 60.21 1.00 d: 63.53 43.95 3.40  111 7
s: 67.61 52.65 4.50 d: 72.98 41.52 10.40  77 7
s: 41.00 64.92 1.00 d: 47.01 61.00 10.40  68 7
s: 45.93 59.64 8.00 d: 44.07 13.41 6.90  68 7
s: 77.77 51.72 4.50 d: 72.98 60.57 10.40  74 7
s: 34.27 18.26 1.00 d: 14.81 24.54 3.40  80 7
s: 78.84 59.78 1.00 d: 72.69 42.45 6.90  69 7
s: 61.10 67.56 4.50 d: 61.24 70.56 3.40  88 7
s: 43.14 25.83 1.00 d: 45.65 12.91 3.40  87 7
s: 19.32 40.02 4.50 d: 14.52 43.80 6.90  121 7
s: 53.87 61.14 8.00 d: 63.53 43.95 3.40  69 7
s: 77.27 27.39 4.50 d: 72.98 41.52 10.40  83 7
s: 24.47 20.83 4.50 d: 37.27 15.48 3.40  78 7
s: 37.49 28.61 1.00 d: 23.11 40.88 3.40  111 7
s: 85.71 39.74 1.00 d: 80.20 20.40 3.40  128 7
s: 68.11 32.10 4.50 d: 61.39 62.35 10.40  74 7
s: 48.79 66.49 1.00 d: 49.01 42.59 3.40  70 7
s: 39.92 58.21 1.00 d: 18.46 48.65 3.40  73 7
s: 33.34 12.77 4.50 d: 37.27 15.48 3.40  106 7
s: 21.25 34.81 4.50 d: 71.04 33.89 6.90  71 7
s: 67.61 27.39 8.00 d: 71.19 33.17 10.40  100 7
